Record_num;Frame_signature;Status;Unix_Timestamp;X;Y;Z;Pitch;Yaw;Roll
0;2;0;1778237169.5088842;-0.010010677765615329;0.00581027154177964;0.16346193164694348;0.03250227898299268;-0.4158302646616705;0.0011120867028469525
0;6;0;1778237169.53914;-0.01005126116862702;0.0057336055540466585;0.15654806935626395;0.03487791558408711;-0.4164984269448633;0.0011677371781074483
0;10;0;1778237169.5700386;-0.010020123990341863;0.00571088317054274;0.1593768083662848;0.035367233808650526;-0.4166601237262306;0.0012172377932488623
0;13;0;1778237169.6016636;-0.010051248071103904;0.005701271771496923;0.15877378675983203;0.03696399738316657;-0.4165666178892087;0.0017664092426617883
0;17;0;1778237169.632103;-0.010218178913763996;0.0056641042752776155;0.1396824412312997;0.0385501912565289;-0.41647009438286114;0.0029946350392088565
0;21;0;1778237169.662951;-0.010239369250883559;0.005651865003746827;0.13990778848233257;0.040547304200593465;-0.41642315286001735;0.004015469415745354
0;25;0;1778237169.6938922;-0.010251732585063851;0.005639362690293482;0.14064913157512146;0.04333875048752125;-0.41638798862995846;0.00449474380470811
0;28;0;1778237169.725619;-0.010580212643664159;0.005566565201540523;0.12975716149931404;0.04441958429000902;-0.41524496254871185;0.007966540929839366
0;32;0;1778237169.7578723;-0.010725798161847828;0.005523157099377052;0.12746445463085426;0.04802672074099116;-0.41502199031520387;0.011581741525803352
0;36;0;1778237169.7886736;-0.010733300132031975;0.005492962578936083;0.12749512029830726;0.048313514585133506;-0.41503661762901856;0.011816476644820901
0;40;0;1778237169.8198767;-0.010703636425097245;0.005480783337719571;0.13919260550904522;0.049394578904028104;-0.4149667502017145;0.013262026695470804
0;43;0;1778237169.8511548;-0.01080956046036848;0.005426811355523761;0.13100693297605917;0.04979876846735391;-0.41493665733260565;0.015305280903716858
0;47;0;1778237169.8812318;-0.010544727815345028;0.00545881406179476;0.1725483528607088;0.051122367480280984;-0.41507341642996215;0.016059875051697148
0;51;0;1778237169.9122908;-0.010558156414738666;0.005451113809663457;0.1715252558506722;0.05192784419581035;-0.4155368382318228;0.016155775115944446
0;55;0;1778237169.9448614;-0.010645186545276485;0.005469981155530558;0.17466295669929147;0.05285549984596475;-0.4156700767149661;0.018046515216279042
0;58;0;1778237169.9754639;-0.010682097548334792;0.005470664773473139;0.17464725131379635;0.05291159391796124;-0.41583956914209136;0.018627239744909034
0;62;0;1778237170.0080073;-0.010696083520100987;0.005481985035465363;0.1759312044153107;0.05431823646644603;-0.41634754347857966;0.018736391883043987
0;66;0;1778237170.0394888;-0.010735635856987464;0.005470914354052494;0.17586981486919082;0.05523890851727555;-0.41642072195972724;0.01923436495088173
0;70;0;1778237170.0698762;-0.010730639879559302;0.005463138791163282;0.17602424921951895;0.0558596158547184;-0.4171629847896948;0.01932238030621386
0;74;0;1778237170.1019847;-0.010722399354599512;0.005459892788351306;0.1796011536765912;0.05652432039180882;-0.417298905645572;0.020153529476800738
0;77;0;1778237170.132848;-0.010762997310414664;0.005455480014521845;0.1780645755492367;0.05690247731819146;-0.4172319720634456;0.021132096509055065
0;79;0;1778237170.1502268;-0.010789890891210591;0.005454323066646695;0.1770190788641129;0.057168173672100316;-0.41719538282287183;0.022214261019891313
0;82;0;1778237170.1683235;-0.010943256338124513;0.005452702611981313;0.17408652597532265;0.0573136452418329;-0.4171111395541968;0.026706638102172563
0;84;0;1778237170.1897187;-0.010950224948061813;0.005454056386523272;0.17445867026542733;0.05734356522363657;-0.4171438309718916;0.02706172243183599
0;87;0;1778237170.2117112;-0.011013694089796272;0.005453993081828217;0.1720473638698818;0.05736902156956269;-0.4171920717690284;0.028006865894853402
0;89;0;1778237170.2321;-0.011184530904905296;0.005456625683974312;0.16992483166397357;0.05740963436923737;-0.4171823062557939;0.029672595787083266
0;92;0;1778237170.2537127;-0.011212183414401715;0.005467027664068148;0.16968852906249524;0.05758260025949274;-0.41744601702519857;0.030131053627683355
0;94;0;1778237170.2736554;-0.011194662566674845;0.005482890219840638;0.172243640440721;0.05792357069824756;-0.4189935365323072;0.030156952669890758
0;97;0;1778237170.295869;-0.011198007528550356;0.005493685489448007;0.172538876075095;0.05796607478026003;-0.4213777467720326;0.03021245473384246
0;99;0;1778237170.317228;-0.01119335863548474;0.0055043465094434495;0.1741404994127988;0.05809019214830607;-0.42204754362611013;0.030248006650585545
0;102;0;1778237170.3348763;-0.011195802778826014;0.00551460041476207;0.17453242387336768;0.05860552729278492;-0.422651999556872;0.03028422916051211
0;104;0;1778237170.3532631;-0.01119438460812874;0.005522724517294173;0.17453143428273232;0.05896829201000293;-0.42347293134967695;0.030308407188182215
0;106;0;1778237170.3740785;-0.011184877261627669;0.005533903617092827;0.17461636444373074;0.059328091447987716;-0.4247930778555109;0.030322390103859682
0;109;0;1778237170.39518;-0.011195551742966312;0.005528338625049341;0.17343004319007557;0.059300115138614294;-0.42523323845631955;0.03056508196816953
0;111;0;1778237170.4126956;-0.011203897048111023;0.005530837341403595;0.17296590189761182;0.05927981921679544;-0.42527552773895294;0.0306485760585224
0;113;0;1778237170.430698;-0.01121462974066351;0.005543291994425605;0.17312438774842348;0.05930928340479472;-0.4252953940620136;0.031010327027451313
0;116;0;1778237170.4522796;-0.011345388862681114;0.005533769731300986;0.15772600819512558;0.05933165397427498;-0.42531350007796764;0.03214083187660004
0;118;0;1778237170.473502;-0.011410675649567851;0.00554317739109835;0.1577683161053474;0.059370019238983135;-0.42529032270106354;0.03451533423219271
0;121;0;1778237170.4927597;-0.011440313889096524;0.0055538143989680815;0.15774542745606393;0.05942351476239364;-0.42528755650418165;0.035592102563505625
0;123;0;1778237170.5159926;-0.011482068792786826;0.005561806798628862;0.1578383907645728;0.05947685311552675;-0.42527703657361576;0.036474582236932104
0;126;0;1778237170.5368872;-0.01153128419117141;0.005575164453105627;0.1587386039021847;0.059593237705925756;-0.4252714203557041;0.0370406257519026
0;128;0;1778237170.5543666;-0.011546125867781108;0.005581179490596146;0.15869269853894732;0.059685968169579245;-0.42528047336368113;0.03724690388244841
0;130;0;1778237170.5727787;-0.011552238772874902;0.005586239136539448;0.158246311666706;0.05981391001437484;-0.42532917519363156;0.03730349304081865
0;133;0;1778237170.5947278;-0.011562477397749888;0.005598462036166343;0.15826634796651112;0.060026440902455694;-0.4254185736474046;0.037405025040005355
0;135;0;1778237170.615724;-0.011580045542088009;0.0055995975186563865;0.15803452762849876;0.060048198507854166;-0.4254409966069773;0.03761068234795551
0;139;0;1778237170.6476176;-0.011624949672447269;0.005611404571924382;0.15831452356708842;0.06011746868810425;-0.425479010858066;0.03844626764962141
0;143;0;1778237170.6778824;-0.011758202417337917;0.005618919275811556;0.15842240058858412;0.06014033696346286;-0.4255916286008172;0.039756591013119215
0;145;0;1778237170.6952682;-0.011751038072194065;0.005637605075455481;0.16092767152551662;0.06016683063321968;-0.42586108132435535;0.03982771318313775
0;147;0;1778237170.7151947;-0.011677515126188575;0.005707862372364323;0.16912915422418268;0.06029827213619157;-0.4286694417526338;0.03981736613987698
0;150;0;1778237170.7366135;-0.011641372511153008;0.006473347474634739;0.1717498579981679;0.062350386818824856;-0.4309689057787965;0.03975799768710176
0;152;0;1778237170.755484;-0.011595414757823169;0.00697432482321897;0.17686081421591385;0.06283345490535784;-0.4328688639158994;0.0397373481321588
0;154;0;1778237170.7728467;-0.011712502248629337;0.007444479334072804;0.1773384954367177;0.06291101843724428;-0.432865469037908;0.039785651797406556
0;158;0;1778237170.7997863;-0.011720638721044382;0.008051849318199715;0.1783549563683761;0.0630746536520326;-0.4330415416606462;0.03977267739100894
0;160;0;1778237170.8185945;-0.011700212406106523;0.008080525617419615;0.17833296417178582;0.06311267838113978;-0.4339600866737219;0.03971063442401366
0;164;0;1778237170.849911;-0.011670493398518642;0.008103513953406784;0.17947179671718708;0.06318757001831077;-0.4352270467576909;0.039645599982738935
0;167;0;1778237170.8807049;-0.011684264716433785;0.008103599814947203;0.17948523186534227;0.06321964323291454;-0.43526954560069414;0.039686529742473
0;171;0;1778237170.9117265;-0.011645523698340259;0.008103535782611975;0.17930914294346417;0.06344355848808686;-0.4357626830629978;0.03963978468247591
0;175;0;1778237170.9435208;-0.011599394949569753;0.008095643069654901;0.17896003865179894;0.06338213634368724;-0.43588230012210166;0.03962520713924903
0;178;0;1778237170.9745932;-0.011597983327634037;0.00810185493381223;0.17867756291549955;0.06326373997373778;-0.43584562705737984;0.03965858486715504
0;182;0;1778237171.0064254;-0.011614164589802323;0.008115339561499192;0.17546915872654534;0.06321246055123833;-0.43581498933130947;0.0398258611933693
0;184;0;1778237171.023815;-0.011621197959715024;0.008129906917763653;0.17367138688267278;0.06320095044792495;-0.43583125121600896;0.03987513145582293
0;188;0;1778237171.0526328;-0.011621937969771016;0.008160556577132865;0.1736816786252804;0.0631532964198237;-0.4358519138684751;0.03999592991151165
0;192;0;1778237171.0838153;-0.01166856296913954;0.008198181395200933;0.1747611590170463;0.0630776975164045;-0.43813654102045324;0.04104560470650908
0;195;0;1778237171.1157882;-0.0115877352434368;0.008234202494327601;0.1809075530221638;0.06312562397298654;-0.4437023387071392;0.041037154184595345
0;199;0;1778237171.1464653;-0.01157130949417037;0.008264742280030683;0.1842842807570693;0.06333285298371048;-0.4458700311727477;0.04108965691575374
0;203;0;1778237171.177899;-0.011550842431382819;0.008363525254643605;0.18446038132119016;0.06349037427470876;-0.44935376276094124;0.040974042459713894
0;207;0;1778237171.209214;-0.011459932523442299;0.008542628062118477;0.18978780175873644;0.06383900414498117;-0.4516969829923263;0.04084345491524909
0;210;0;1778237171.239125;-0.01144651556629143;0.00855476000672374;0.18793163242513558;0.06382105529930451;-0.45238631087287273;0.040842341625784324
0;214;0;1778237171.2700229;-0.011397812426588674;0.008594554647787845;0.18781742202357363;0.06380414377745856;-0.452531159000505;0.040872657152786075
0;218;0;1778237171.3002443;-0.011397122623704622;0.008622603721178576;0.18787578458657364;0.06375584535122006;-0.45254121789825724;0.041088873683871464
0;221;0;1778237171.331422;-0.011396142492391525;0.008643689278113218;0.18773782400976338;0.06375344064597616;-0.45255727022258685;0.04136121048199958
0;225;0;1778237171.362678;-0.01139222196713913;0.008658015057840227;0.18784913549287585;0.06373556514642893;-0.45261158827044895;0.041535852855213655
0;229;0;1778237171.3927732;-0.011376427809542908;0.00866294263709212;0.1876461646324446;0.06368788492328145;-0.4531433686649509;0.041573544907233716
0;233;0;1778237171.4239378;-0.011368809416931074;0.008658999554994364;0.18546724904480708;0.06365921182567831;-0.453346767959916;0.041600211464295656
0;236;0;1778237171.4546006;-0.011373686061370855;0.008660622192580266;0.18532209356196566;0.06364920007900929;-0.45336009599943783;0.041771930470350487
0;240;0;1778237171.4860518;-0.011382668779307157;0.00866376268756715;0.1845841849307936;0.06360062922429;-0.4534432076421157;0.04200510829386967
0;244;0;1778237171.5174732;-0.011481796655362104;0.008640760526416692;0.17233106204167192;0.06309904647908178;-0.4540669850389767;0.04289217995890024
0;248;0;1778237171.5488496;-0.011468618364187996;0.008755483186660447;0.17560710766111284;0.06348752425367896;-0.45437051227865055;0.04294231465787945
0;251;0;1778237171.579587;-0.011410605068471066;0.008764446985952249;0.17300178328982524;0.0634354694578111;-0.4693107835496876;0.04285437526818139
0;255;0;1778237171.610655;-0.011366951751569277;0.008865567140801008;0.1728238083246186;0.0634020131447664;-0.4747181116847018;0.042791412855063445
0;259;0;1778237171.6413486;-0.011310808491097087;0.008932912421737306;0.17968326641483956;0.06341178913601937;-0.47501757345320084;0.04279709979959993
0;263;0;1778237171.673492;-0.01119762187925864;0.009099135998149193;0.1906153789437138;0.06381347445292561;-0.4752907563513221;0.04273395402115838
0;266;0;1778237171.7032745;-0.011123001651872189;0.009101664547750542;0.1914755311239583;0.06379333570138414;-0.477605727844853;0.042710509454782705
0;270;0;1778237171.7344651;-0.011111712314587317;0.009093977756962442;0.19144834648709314;0.06375405361005794;-0.4777598385408322;0.0427569480327389
0;274;0;1778237171.7663567;-0.011080864009450863;0.009092571228507935;0.19162994218980087;0.06380426427467122;-0.4778373758776724;0.04273029457320007
0;277;0;1778237171.7969632;-0.011078112801956561;0.009087001870623411;0.19200656874337155;0.06385204927800361;-0.4778419023816609;0.04284850757782591
0;279;0;1778237171.814373;-0.011081063382858278;0.009080504771518247;0.19201646464972502;0.06384415409106996;-0.4778601760459108;0.042899009007452346
0;283;0;1778237171.8426607;-0.011065639594110138;0.009079876818048905;0.19297431853128527;0.06387878394218574;-0.47798322989507985;0.04300616246355997
0;287;0;1778237171.8744843;-0.011041536513377857;0.009097725103853649;0.19649288370984308;0.064030830468522;-0.47842083385937645;0.04315040810512898
0;290;0;1778237171.9054933;-0.011050346052952974;0.009110907033228623;0.1963146642575383;0.06406628808309865;-0.47941876034054687;0.04332012842915648
0;294;0;1778237171.9375286;-0.011231701634403608;0.009074020042296025;0.16845199481577822;0.06398827923542631;-0.49302585045074593;0.04343251303599619
0;298;0;1778237171.968481;-0.011441032797587496;0.009000449072039113;0.14195747517523644;0.06371246111565426;-0.5030868438066874;0.043408518373649695
0;302;0;1778237171.9991467;-0.011535133407686842;0.008990072195531247;0.14148800173558457;0.06394015369649292;-0.5031324441431643;0.0434723766573487
0;304;0;1778237172.0201757;-0.011533053812072267;0.00898458360570593;0.14146401871548084;0.06395903508581535;-0.5034653936587635;0.043470487994515535
0;307;0;1778237172.0418134;-0.011524191154764517;0.008980543019824986;0.141496942978031;0.06399926019880584;-0.5037161116852382;0.04346478795245593
0;309;0;1778237172.061713;-0.011415360197001947;0.009003190092570992;0.1547052536751189;0.06440137511447026;-0.5037039152717137;0.04348517817644121
0;313;0;1778237172.0920403;-0.011442031847545097;0.00902775013133195;0.15331032671553235;0.06777536517598869;-0.5032557913768512;0.043504994728914045
0;317;0;1778237172.1235244;-0.011412788716630389;0.009058340124206973;0.15687475068835646;0.07208432978357812;-0.5030326095829732;0.043547163514334776
0;320;0;1778237172.154761;-0.011428789524035757;0.009060830108879148;0.15699042801250723;0.07236038889777549;-0.5027665936495004;0.043927528683114586
0;324;0;1778237172.1862822;-0.011428333293647256;0.009053913889034308;0.15800205741341658;0.07276517570815534;-0.5026192307974301;0.04400547204317135
0;328;0;1778237172.2172303;-0.011425295395924772;0.009021418206546068;0.15678117034098082;0.07334297032086454;-0.5025750135593942;0.04399651857637001
0;332;0;1778237172.2475953;-0.011431571292417328;0.008997078642757545;0.1569712299541815;0.0736491118261522;-0.5025572847521058;0.04402304368018231
0;335;0;1778237172.2786262;-0.011448231341819482;0.008983943282353647;0.1572247514327149;0.07396005226390917;-0.5025282396848463;0.04406340500741319
0;339;0;1778237172.309623;-0.011459653837256022;0.00898133614761361;0.1575595357657745;0.07543703898953946;-0.502493578399675;0.04405711295730879
0;341;0;1778237172.3270578;-0.011484577696103502;0.008993877753636298;0.15748832016675773;0.07722854439624172;-0.5023621002236384;0.044049202053347385
0;345;0;1778237172.3558154;-0.011664715935544625;0.00925710231387731;0.15748834345124327;0.07947563404697264;-0.5018330441139444;0.043970129686798115
0;348;0;1778237172.3870106;-0.011792074795033566;0.009829136635920565;0.15682820500176678;0.08103711551372177;-0.5009701164230238;0.042876863715369674
0;352;0;1778237172.418049;-0.01790841653336392;0.014614491339590802;0.1568679050496084;0.08711506302726507;-0.47382295360890003;0.04250176113137743
0;356;0;1778237172.4485335;-0.03305377085872646;0.025844020968077856;0.12828885348355573;0.08739764470797366;-0.47033314476998117;0.04224511778544559
0;359;0;1778237172.4748523;-0.036259337251005774;0.03496378847569371;0.06425204181281127;0.09679305337327149;-0.47034056320707346;0.03880002127093637
0;361;0;1778237172.4950433;-0.037203234994046916;0.03793311047770853;0.06479006477788583;0.11313400520027131;-0.4781540215964982;0.022923017766226385
0;365;0;1778237172.5261407;-0.039306441076958944;0.039615586280880966;-0.13889984967238095;0.1176947932652863;-0.6299125700725171;-0.07800026093619011
0;367;0;1778237172.545581;-0.03878173974817259;0.03960180768656409;-0.1264911514931398;0.1134491420844343;-0.6458872313290763;-0.1498595124045433
0;371;0;1778237172.5719824;-0.03680296304541281;0.04002053258998675;0.08032151516603112;0.11328267780465318;-0.6339945126924513;-0.150003857587288
0;373;0;1778237172.589313;-0.03840033405394532;0.03970296131286081;-0.0665178259948682;0.11222668214500049;-0.6297616446941594;-0.15000116473653557
0;376;0;1778237172.619514;-0.037661572628490424;0.03982193048115448;0.0013302958674507395;0.11079880065303259;-0.5816867355461239;-0.1494117028502356
0;380;0;1778237172.650821;-0.03640083998017846;0.04012598802498654;0.14259416614777656;0.11068968256845774;-0.4835341487955073;-0.0622253211901053
0;384;0;1778237172.6823025;-0.03621060282277558;0.040131553017030024;0.1407048629912557;0.11059737122554392;-0.43904858966206395;-0.0565576824026871
0;387;0;1778237172.712875;-0.0343903003285847;0.04013058088975883;0.14055063820129743;0.11037246055861485;-0.43796323459459696;-0.05608439554641632
0;391;0;1778237172.744723;-0.034047168507459855;0.04017731867335418;0.14032348640263534;0.11039189728291736;-0.43585312931862014;-0.052243609761082846
0;395;0;1778237172.77634;-0.03405006160478791;0.040223832343776224;0.14004488753317795;0.11053352865887264;-0.4343980678466841;-0.05048701711199567
0;399;0;1778237172.8078008;-0.03404242138297088;0.04027610601380814;0.1262143106023405;0.1105526510426204;-0.43711430553638153;-0.050738861525458215
0;403;0;1778237172.839221;-0.03519937216868107;0.040336337156772525;0.12031942396775741;0.11063371947169238;-0.4372872766656462;-0.05075729235998551
0;407;0;1778237172.8712938;-0.04442569239267767;0.04031439152915334;0.09851441135673102;0.12055204412784798;-0.4337566873787567;-0.050543897035379065
0;410;0;1778237172.902697;-0.08603700648178979;0.04016314715334386;0.07888462956350582;0.2080971564680769;-0.43354545052595966;-0.05005203265232211
0;414;0;1778237172.9338877;-0.08686918235266085;0.03354606018364448;0.03273472683789027;0.4371875259296031;-0.7059366295700478;-0.364998379288041
0;418;0;1778237172.9657516;-0.08802228246657526;0.016143871650353518;0.06087177483610405;0.7689078442235282;-1.5940663858639672;-1.0507203545506631
0;422;0;1778237172.9967813;-0.089845801130331;-0.03903267373825061;-0.05314678584947943;0.8698610376687391;-2.670288309468561;-1.7313961580196509
0;425;0;1778237173.028006;-0.09406769747903755;-0.06587018549300401;-0.17389994739270984;1.1845473670365718;-3.2567971548608887;-2.1626256311623044
0;429;0;1778237173.0587163;-0.09996751460343324;-0.08526851367886407;-0.2635172287608535;1.4151744217340858;-4.514370946040675;-2.9788054330207956
0;433;0;1778237173.089523;-0.10832354807485513;-0.12129269217874354;-0.3782967264338057;1.497594179894937;-5.313478618985763;-3.5383265910404456
0;437;0;1778237173.1203885;-0.11534277266259231;-0.14830788784263438;-0.36174492660491725;1.7036721593315098;-5.8556652785089724;-3.790164172834932
0;440;0;1778237173.1526222;-0.13784838051671677;-0.1524260518082709;-0.3459820749994993;1.7270564142327414;-6.183083741530855;-3.8728382534606185
0;444;0;1778237173.1837199;-0.15864697945159428;-0.16845910822610993;-0.47664748278393576;1.7271134146533373;-6.398670732309215;-3.898632955559879
0;448;0;1778237173.214707;-0.21446256900105815;-0.17487271498725696;-0.4674276181835544;1.734182472697022;-6.2688653509688015;-3.833379879951303
0;452;0;1778237173.2453845;-0.21111880045543113;-0.16910328516075043;-0.2837070897480787;1.7532853254183072;-6.149149044073887;-3.642044221060417
0;455;0;1778237173.2778654;-0.21668078880028316;-0.17108634329828842;-0.337490502537763;1.7584790696243817;-5.993050374602293;-3.4338337553003684
0;459;0;1778237173.309056;-0.21650624829669332;-0.1703606124530525;-0.3141174195326925;1.7650840771850964;-5.787357315653041;-3.3267326473731345
0;463;0;1778237173.3408144;-0.22182728878520228;-0.170316174012404;-0.30548939998570596;1.786873326199414;-5.607858297043811;-3.2315389273084145
0;467;0;1778237173.3722248;-0.23086790941591512;-0.17300988629079234;-0.3751642878789179;1.7981597447740225;-5.586028141845301;-3.185964073372551
0;471;0;1778237173.4036093;-0.2307614993170083;-0.17198271449578664;-0.33803803721517967;1.8197265244997196;-5.585937611765531;-3.153136860558105
0;474;0;1778237173.4351227;-0.23416862494778315;-0.17284748864641034;-0.3508639468062836;1.8460171302581658;-5.628324130410525;-3.1435795665071073
0;478;0;1778237173.4660928;-0.24877118735437695;-0.17974547091795326;-0.4947695184640233;1.8689522553747597;-5.762618462521173;-3.1431436809378432
0;482;0;1778237173.497389;-0.2504431764073754;-0.1841056188995393;-0.5063445156385906;1.8692565370317649;-5.864425907857994;-3.142966309040812
0;486;0;1778237173.5290778;-0.2476332512616689;-0.18299959419426054;-0.47580425842467705;1.8728832726163365;-6.026589422081006;-3.143036386028486
0;489;0;1778237173.5600934;-0.245370511526096;-0.18145589101433152;-0.4321324827469786;1.8791514747506466;-6.155300395345977;-3.143099757084325
0;493;0;1778237173.5906615;-0.24685096240106216;-0.18057517863335731;-0.40445295742621445;1.9596493128476355;-6.334520447190876;-3.1440657465651323
0;497;0;1778237173.6221297;-0.29595954902936256;-0.1803982398277571;-0.3191760438691927;2.175204618098076;-6.5828451265936865;-3.1442793304940717
0;501;0;1778237173.6529331;-0.324156059782518;-0.19540442714890244;-0.5238862553701101;2.1751571736303448;-7.048121453903246;-3.1730974019610647
0;504;0;1778237173.6842859;-0.29298341922588866;-0.18908010474754938;-0.27867046925041156;2.2124250545058137;-7.257968167030993;-3.297061581376751
0;508;0;1778237173.7153873;-0.35876327837837096;-0.24342332313852869;-0.7198473679992456;2.2147092625370526;-7.561508147975418;-3.3813913565724567
0;512;0;1778237173.7461565;-0.3592750713704874;-0.24637616845646498;-0.5853484025158987;2.3501412559834796;-7.854342108745537;-3.5930262064239606
0;516;0;1778237173.777759;-0.37570814360761967;-0.2552451125753091;-0.571747561961618;2.439269796000189;-8.15129149988269;-3.626809014524869
0;519;0;1778237173.8088923;-0.37740863287091614;-0.2555979423846604;-0.5344755271339289;2.4595879312182407;-8.233291634358977;-3.6476842450300997
0;523;0;1778237173.8397896;-0.38989084017099945;-0.2624351754334357;-0.5665709551368987;2.4805855449794567;-8.303552364565213;-3.648662305188209
0;527;0;1778237173.8706522;-0.3978774187103963;-0.26464012307590423;-0.603917407180366;2.51504129333999;-8.313882181963582;-3.6479739412853642
0;530;0;1778237173.9012775;-0.3799494825017501;-0.25718508277235974;-0.4713952479501904;2.516935551435034;-8.106887501645188;-3.5049712860940074
0;534;0;1778237173.9325006;-0.3848049264174492;-0.2533976283548138;-0.502599345846781;2.5295224178407114;-7.50783051660353;-3.386303786938061
0;538;0;1778237173.9635212;-0.3683230266141446;-0.23738786806475512;-0.5050828225052503;2.52929877501402;-6.911189008208776;-3.11126803985076
0;542;0;1778237173.9940658;-0.3446683643254679;-0.19439229713155404;-0.3747338043102988;2.5297643343316527;-6.182864457559857;-2.8777054634925494
0;544;0;1778237174.0149443;-0.3132746608631446;-0.11632414387454555;-0.06612992975029733;2.538410627542889;-5.991727964844466;-2.6591522714153486
0;547;0;1778237174.0398352;-0.2922430424392496;-0.12136041510492966;-0.20088836589823245;2.538326635746658;-5.568114250838331;-2.6532468601933026
0;551;0;1778237174.0725462;-0.15831757383469383;-0.10071774072745471;-0.13194966358426274;2.5398183702833155;-5.141839958376728;-2.6531291710896014
0;555;0;1778237174.103773;-0.08469160562294173;-0.07566333741180657;-0.3091193581430756;2.539919462205726;-4.37731611709022;-2.7027958169827815
0;559;0;1778237174.1358228;-0.062353803234965366;0.014064962928099983;-0.12377779875120051;2.650982937605864;-3.797308337315167;-2.7167062666843584
0;562;0;1778237174.167242;-0.06265447579671239;0.08514086812914695;0.04772941162318004;2.781762355545287;-2.9454266573129346;-2.3746740693597213
0;566;0;1778237174.1987455;-0.068901802225514;0.08362430883823338;0.01957827796649636;2.724572995319796;-2.375841069147277;-2.326809810295447
0;570;0;1778237174.2294605;-0.06271281507522684;0.0903504516065088;0.125862097831856;2.7245880836664242;-1.9614428143168603;-2.3086181260622194
0;574;0;1778237174.2600777;0.024331888639977116;0.0975416961522764;0.1655070778651675;2.7314648491147455;-1.8106140013776666;-2.2822520785706315
0;577;0;1778237174.2909822;0.024582947784164904;0.09812176507711047;0.17731471033474103;2.7391599058952116;-1.3664676461589138;-2.2532083524973965
0;581;0;1778237174.3226585;0.035986655551435626;0.10802887126813404;0.35581013036212267;3.0280252962054797;-1.3239540501056497;-2.254043911604016
0;585;0;1778237174.3540344;0.05252626013102378;0.09193275464233779;0.03993019460722225;3.0281959621706767;-1.1601322427640315;-2.2571039959485444
0;589;0;1778237174.3846235;0.0683884200672596;0.10205527143019107;0.21802870438356928;3.0519772082365293;-0.9773650044509504;-2.2572942767643576
0;592;0;1778237174.4153638;0.08650489657642509;0.10263178364985927;0.2149087695974152;3.0821140011988417;-0.9663308127374793;-2.2568272086120618
0;596;0;1778237174.4465032;0.08951710569023948;0.10288465316279762;0.21453125823339408;3.135305787809296;-0.8990305837880253;-2.2040149777434594
0;600;0;1778237174.4777403;0.09156442318673988;0.12864355769399277;0.5341173186084184;3.277432983599615;-0.7742685661322903;-1.9843611746038672
0;603;0;1778237174.5086687;0.07167442562538924;0.13380360924949475;0.5177788279515398;3.3020595123732486;-0.7083648474874394;-1.802656407365867
0;607;0;1778237174.5395348;0.06877457579653654;0.12932283599058117;0.3227070429630276;3.3141593604794224;-0.7087137235911463;-1.83686940099398
0;611;0;1778237174.5710583;0.11313205046771042;0.144646390849604;0.3389792659740661;3.3317396313776095;-0.7278095350840048;-2.077049558535095
0;615;0;1778237174.602505;0.13286395219338215;0.1441493252945901;0.1990669370170537;3.3480461105237707;-0.6811953874499648;-2.1438391307753273
0;619;0;1778237174.634312;0.13870849777023295;0.18601017339408726;0.387640767195559;3.5234022044454427;-0.35713894335347374;-2.1438522073424053
0;622;0;1778237174.6652627;0.1691515073302988;0.17546430391131074;0.1967219099095909;3.523503464016149;-0.12673528001020734;-2.13583962468956
0;626;0;1778237174.695691;0.16779527918567574;0.20114621829107585;0.5621725623878172;3.702133058562992;0.23620245024913877;-2.014668130586488
0;630;0;1778237174.7272005;0.17165054966735002;0.18286428804880153;0.2750676608031787;3.696655653440304;0.4602265929896368;-1.8890447359865696
0;632;0;1778237174.7489414;0.004343797179257441;0.000303683536783109;0.06513142697810981;1.7202962200145236e-05;1.2652222677653274e-05;0.0001340147365014908
0;635;0;1778237174.774076;0.004312755685655042;0.000280804346821898;0.15178092020972342;0.0003365678700787793;0.017397711072250112;0.010808713923791152
0;639;0;1778237174.8055916;0.004080214983871377;5.7445275922154275e-05;0.1506318424906856;0.004847036397319599;0.09322809618572855;0.07145043062085395
0;643;0;1778237174.8372798;0.0037823067271417657;-0.0005736384957597667;0.11302327699352153;0.012924451134707374;0.09896984075893087;0.10207926609253756
0;647;0;1778237174.8684807;0.0034971496368046825;-0.0009401953279306286;0.057866696595985555;0.01411066498867301;0.08929087595720471;0.1193050132350506
0;650;0;1778237174.8994946;0.0027733961537390306;-0.0010637929244100527;-0.02262117021112792;0.012833097220733256;-0.06876313845724047;0.1275052257650306
0;654;0;1778237174.930215;-0.01185042571579079;-0.0010595830712338502;-0.03663024164225558;-0.007848864268785082;-0.07177779011358776;0.14712425711128305
0;658;0;1778237174.9616992;-0.018747199377006266;0.00010183967728612769;0.0599675043768872;-0.04052465596362318;-0.21035724410074705;0.15319801865643884
0;662;0;1778237174.9938881;-0.029551076967623224;0.012567502736448622;-0.036012038551232306;-0.03768333430867386;-0.21055967941801096;0.16408968836238283
0;666;0;1778237175.0252693;-0.030027966515918807;0.014707183965955297;-0.22461826035968116;-0.20290762442543575;-0.21841352009070353;0.16974713727681764
0;669;0;1778237175.0576751;-0.025336943084282776;0.016340353415721518;-0.016899076288438997;-0.20147121382641545;-0.22110352082209717;0.1697796086561241
0;673;0;1778237175.0897925;-0.02523132465788422;0.025905247522798977;0.0008027014413363387;-0.14581297500909324;-0.12038922619850202;0.19106130245469294
0;677;0;1778237175.1207838;-0.023725518433447976;0.02628786983139559;-0.0007904283345375045;-0.14589231456511406;-0.04789249208510042;0.1932416314106026
0;680;0;1778237175.1428628;-0.02360174829529252;0.02639462628702479;0.05259376767571866;-0.1451935879019804;0.14494228310647017;0.2102286788138512
0;682;0;1778237175.1637046;-0.023590223930231753;0.026418280413770298;0.052883123977494416;-0.14502089967921505;0.15638651111758556;0.22072574634338948
0;684;0;1778237175.1821523;-0.023578447801671114;0.02637073349430252;0.07285412244290898;-0.14445847108062426;0.16381366592125018;0.23218832136488426
0;687;0;1778237175.199513;-0.02322168145898366;0.026373096869584587;0.07772505054149058;-0.13275608564990493;0.1667865207618332;0.23431039253797883
0;689;0;1778237175.22062;-0.023160617895661303;0.026372139295116854;0.07954803948320036;-0.13046269887446746;0.16810478122433864;0.2371126128474209
0;692;0;1778237175.2431822;-0.021973598107439995;0.026150622341954897;0.0809014385628306;-0.13186104283230662;0.16946188370139362;0.23741347867039791
0;694;0;1778237175.2607205;-0.021457640102973012;0.025753208563920525;0.08209423290346522;-0.13734285920077988;0.16971111384924242;0.23748493875651278
0;696;0;1778237175.278049;-0.019933524996502482;0.025623519800597478;0.08193133464264417;-0.1374823740169998;0.16961226422278966;0.23745247785522483
0;698;0;1778237175.298695;-0.01908623312867649;0.025091917532409917;0.08288785548740739;-0.1390172570338072;0.16634302815114418;0.2374576749523968
0;701;0;1778237175.3208323;-0.016746865606479706;0.02504876264902667;0.07713955633152625;-0.1393766216340246;0.12301628547281468;0.23743179424672178
0;703;0;1778237175.3383386;-0.01636660376260447;0.02504070912759135;0.07715238608305747;-0.1394043359929357;0.10421961092988205;0.23745178630600436
0;705;0;1778237175.3558059;-0.015664710409437673;0.025065690470012503;0.063155610315574;-0.13944487544648096;0.0788942769079762;0.23746815297088872
0;708;0;1778237175.377217;-0.0070289982505416;0.025198641971871508;-0.017296648692031093;-0.1766269099164459;0.033001504174040214;0.23597643939026808
0;711;0;1778237175.4004576;-0.004998565644256828;0.02518249127059049;-0.013289570641053405;-0.18158204868542277;0.02998016230288584;0.2332807805288888
0;714;0;1778237175.4317982;-0.0037427343801505284;0.02522367570438512;-0.015234693985809622;-0.1825122871671354;0.029438359683696395;0.23206501604327132
0;718;0;1778237175.4628375;-0.0032704864485188292;0.025655547610454445;-0.017490308668808005;-0.18262033649382411;0.028235346946583587;0.2320310672633575
0;722;0;1778237175.494299;-0.0032045953564683732;0.027178236542185794;-0.016693028965356082;-0.1825924859206726;0.026847488865750193;0.23221072336841997
0;726;0;1778237175.5249324;-0.003125141415412352;0.02824215998705189;-0.016508265117334883;-0.182755335284074;0.026256625544476962;0.23301000757502058
0;729;0;1778237175.5556302;-0.003140215209237256;0.028463566338907544;-0.01606808501576967;-0.184603259581346;0.02629053241231681;0.2357682621188706
0;733;0;1778237175.586033;-0.0033317606636712833;0.028566530333954808;-0.01607525663731525;-0.20053791576330313;0.03232139956927129;0.24823685265181156
0;737;0;1778237175.6179163;-0.004480623728858022;0.028525505980998248;0.09570611612501216;-0.20199039964269008;0.04741351566478853;0.28200867978934074
0;740;0;1778237175.646146;-0.004346104526246183;0.0290283053405758;-0.03239418832634218;-0.20203893382434465;0.047426644621958905;0.28203298879224203
0;743;0;1778237175.665079;-0.0043345928948884446;0.02908003473575827;-0.03276086658346691;-0.20235907920134677;0.04744301652585253;0.2823071356680646
0;745;0;1778237175.682637;-0.0043316790598154666;0.02913837692483342;-0.030903751317641094;-0.2024491482483033;0.04744178011967048;0.2823317799675576
0;747;0;1778237175.7035203;-0.004287023418575301;0.029212235312958683;-0.030775343201022615;-0.202476789261085;0.047386676220421475;0.2823045371194786
0;750;0;1778237175.724839;-0.0030917154449628674;0.029293044120016928;-0.030693771827063017;-0.20253194555042647;0.04485883330320879;0.2819572536745824
0;752;0;1778237175.7431116;-0.0031946259584574154;0.0288396049592184;0.1126878290526241;-0.2041964626120159;0.045256227871542605;0.2819533558517034
0;756;0;1778237175.774661;-0.003109340709054571;0.029673369996227394;-0.014828743533265028;-0.20449307435948513;0.11468610360146092;0.2820568786744036
0;759;0;1778237175.8061996;-0.005169411918688103;0.03003889276075733;-0.015243219018077077;-0.20506056384100757;0.1903135281869986;0.31282266708678585
0;763;0;1778237175.8376925;-0.005686405355121338;0.03169572652423148;-0.02405369433845595;-0.21228492707477956;0.19374063656326182;0.3447533596830258
0;767;0;1778237175.8688848;-0.00686890067674662;0.03348598621095747;-0.031896409683958675;-0.2168237322569985;0.20598164453455825;0.369589134485943
0;771;0;1778237175.900075;-0.008136791121440879;0.03411693755781258;-0.037720607531010315;-0.22542689794412224;0.20866118820349697;0.3751706072882929
0;775;0;1778237175.9317355;-0.010574667297905344;0.03465795257927872;0.08525300621149604;-0.22891729355207668;0.2088018032116585;0.37781002014640747
0;778;0;1778237175.962632;-0.011651850529644929;0.03524110378788583;0.2796572424630095;-0.22902783664716642;0.20271443072048173;0.3778894435265763
0;782;0;1778237175.9934356;-0.011009320972356242;0.03673437568270112;0.05749455812700224;-0.23038444665735228;0.13012104212550143;0.3778795522771199
0;786;0;1778237176.024644;-0.011631193552772211;0.037610716401515615;0.08269563041705173;-0.23031833036066826;0.12227486088432644;0.37844737705523396
0;790;0;1778237176.0560389;-0.015077078392644917;0.03838752467633894;0.08268678231254745;-0.23040357951911852;0.12598301067257994;0.3879059681720381
0;793;0;1778237176.0875354;-0.01509589807808068;0.03961125827713166;0.08296550924667528;-0.2329972663045344;0.1260078226203688;0.38985278400783685
0;797;0;1778237176.1186597;-0.01577869087670492;0.04059968759876347;-0.037998761084681795;-0.2829638140429902;0.13956832746035275;0.4120947672451531
0;801;0;1778237176.1497614;-0.01744070689349153;0.041922077564779;0.10237159116621936;-0.29031104252159845;0.14441337368903504;0.44395037436088
0;805;0;1778237176.1805804;-0.01751479230535079;0.04487324931031726;0.060378551221203836;-0.2907398659063988;0.13519349278951384;0.45042541258022084
0;808;0;1778237176.2113962;-0.017545184380098743;0.047411051584106516;0.014410773920341995;-0.30160358025900635;0.12705878883114535;0.4534046485340654
0;812;0;1778237176.243001;-0.019440487657486575;0.04894940806404398;-0.002776950312164294;-0.31978044857408644;0.12702625458372793;0.5024890099836126
0;816;0;1778237176.273112;-0.023103284215866;0.05390583097239826;-0.025877416741460157;-0.3352055377607445;0.12730182647006544;0.6364167371832654
0;819;0;1778237176.3041313;-0.02371577824209153;0.0630603069162686;0.028522679826566123;-0.3758458107999122;0.1271808996586502;0.718492983985877
0;823;0;1778237176.3347082;-0.023615975115955992;0.07475517844350495;0.026750398673235858;-0.4414923569588975;0.12782687997669553;0.7878803503947737
0;827;0;1778237176.3664126;-0.023791566331955727;0.08946085037318063;0.12971797371015426;-0.44530241595500336;0.37806794704960456;0.9089102655119827
0;831;0;1778237176.3978844;-0.048535805747439584;0.09325603523992514;-0.06399472496313525;-0.46877636269452566;0.6291819168870385;1.1659389091398096
0;834;0;1778237176.4292505;-0.05199748110670764;0.10812475677957788;0.20612125132449607;-0.45974829240151754;0.6338111892809166;1.3664963140175077
0;838;0;1778237176.4602952;-0.05428579884964359;0.11938026752808385;-0.08505635126776685;-0.4302389231865014;0.7570982791416551;1.6382489207026243
0;842;0;1778237176.4907043;-0.06541270938452541;0.12571956185363758;-0.03771788324620241;-0.4295985905204232;0.9443584079599232;1.7465329550055222
0;846;0;1778237176.522298;-0.06759451806949099;0.1375635763318636;0.11048255542735799;-0.43092271867328413;1.236733431520097;2.0474775726815717
0;849;0;1778237176.5535529;-0.06707582122741264;0.1491820107142014;0.0954741153322369;-0.43390308625312585;1.4275902868779757;2.0538814022872414
0;853;0;1778237176.5845125;-0.06624117720107459;0.1636238636016147;0.08494366600000762;-0.5989695983674365;1.6836066700953352;2.3169319727027444
0;857;0;1778237176.6158717;-0.06446322045439454;0.18881641959107884;0.06553056962919535;-0.6004677873634852;2.222012357601773;2.757172038803562
0;861;0;1778237176.646371;-0.061084932658958;0.2016634831372936;-0.005439175417344226;-0.8260084346763557;2.761915312038632;3.0665505392999792
0;863;0;1778237176.6638026;-0.05352040288329437;0.21330283862988692;-0.11543950805775827;-0.8332900707592046;3.2931664408704906;3.331929409248535
0;866;0;1778237176.6930146;-0.06950062680344861;0.23959570298343033;0.17182753504192133;-0.8500526370942821;3.7961592758952687;3.5997378383008494
0;870;0;1778237176.724296;-0.04680371361614721;0.26185576429531804;-0.03582713354101753;-0.9713531365610265;4.619891465834439;4.018607776127026
0;874;0;1778237176.7557795;-0.05221002189069486;0.2974268208855144;0.08291133206995067;-1.1716561351497408;5.640417607881455;4.481808282237114
0;877;0;1778237176.7865431;-0.03766709687268422;0.3273539277417664;0.05346816996111215;-1.2358430514207277;6.443959913548915;4.89837741485076
0;881;0;1778237176.8178117;-0.034627187952762165;0.37139222450631226;0.051457572098304545;-1.268536900015808;7.5538855152587665;5.4165494618802645
0;885;0;1778237176.8492317;-0.018133634264446006;0.4064022879864512;-0.03035277635748625;-1.3370048831701498;8.64069107578168;6.129680382771013
0;889;0;1778237176.8806481;0.02060991747216457;0.43352577979257745;-0.24674888321646535;-1.5263198771509052;9.800844106934399;6.7135584911045365
0;892;0;1778237176.91133;0.04192144015198741;0.4526598989210424;-0.2513553694127964;-1.5825886805837701;10.40349614203271;7.0251080370324805
0;896;0;1778237176.9424996;0.15097532357909352;0.46651700852315;-0.3601946921267949;-1.646115816986358;11.061109323856094;7.465900336619895
0;900;0;1778237176.9739788;0.16016930747379976;0.5085403357627285;-0.37541832161613314;-1.7219724796604616;12.350719698486998;8.099941497450674
0;904;0;1778237177.0053973;0.2180577634215202;0.538775845629926;-0.6023125007302015;-1.7649425820233817;13.03714022228644;8.604500502855474
0;907;0;1778237177.0360012;0.2512694263766771;0.5516530043736981;-0.7128479119397299;-2.0806803176787674;13.776053439302554;9.026414933734664
0;911;0;1778237177.0671716;0.3102998582753464;0.5726619902776506;-0.7389833033175824;-2.0759226266902524;14.437801498695293;9.38078185442799
0;915;0;1778237177.0982587;0.39662159326741137;0.5862166809815959;-1.026824297343521;-2.0753195957700052;14.99696355406519;9.619535157322948
0;919;0;1778237177.1291783;0.37705857391534386;0.6060882197670365;-0.8759151249878399;-2.07451756632256;15.279522015484801;9.771437925245491
0;922;0;1778237177.159965;0.45359416561875304;0.6056350571095038;-1.146626794090101;-2.079624133414782;15.526913229176204;9.817698125414873
0;926;0;1778237177.1909935;0.46973864994213227;0.6024628253688322;-1.128442076574946;-2.128416661093292;15.522418913660502;9.817885220913064
0;930;0;1778237177.222428;0.46920068518827157;0.6002874024540253;-1.064877107540257;-2.133076445477019;15.313648502592246;9.817421841023279
0;934;0;1778237177.2538848;0.4359739571709718;0.6006138975102335;-0.8770577412621411;-2.1304753821665847;15.027691474918742;9.740942700226606
0;937;0;1778237177.2847936;0.4964841879790122;0.598474006720357;-1.0848623677530633;-2.1315287164095404;14.99761805301227;9.658734011270257
0;941;0;1778237177.3151932;0.38220705308153363;0.6013393023726719;-0.6603264484127268;-2.1305468003406256;14.821254728129006;9.536504991716832
0;945;0;1778237177.34607;0.4280911808681016;0.6004594748021482;-0.8331577310572029;-2.148211901276523;14.584167849295;9.414964000769663
0;948;0;1778237177.3766754;0.46826381062818073;0.5990036356283953;-0.987664077014617;-2.2490808514530594;14.42648322694447;9.332909548245514
0;952;0;1778237177.4071815;0.38717635813151163;0.6003506431167455;-0.698907024758658;-2.2488458085422485;14.273687228901528;9.168407004998512
0;956;0;1778237177.4384537;0.4020706285729205;0.5898515754498994;-0.7606920345809108;-2.276144818800357;13.768127027873787;9.021428402822284
0;960;0;1778237177.4696593;0.3612930213096035;0.5893780621520068;-0.5964775949303632;-2.2769369569983464;13.539075196564273;9.002178354897225
0;963;0;1778237177.5009806;0.3916768999186466;0.5730595495837196;-0.7318219735146092;-2.5454434735546663;13.53603606825673;8.873901255421968
0;967;0;1778237177.5309741;0.38328715051216633;0.560823692140624;-0.7035325343796732;-2.6135458995998615;13.285655350153359;8.811066674129624
0;970;0;1778237177.5607047;0.34713875510306513;0.5593119702015809;-0.554868079567759;-2.613312197875418;13.276761943354009;8.784110169339979
0;974;0;1778237177.5926688;0.34661019728136155;0.5648838078838153;-0.6861067979551021;-2.616980845533957;12.9049649646356;8.780030951004852
0;978;0;1778237177.6241953;0.22372110913191742;0.5758963915947076;-0.5777521185230833;-2.621420675353501;12.465278473207746;8.582028925276964
0;982;0;1778237177.6550405;0.20205915640003402;0.5650969540644265;-0.4768040942336616;-2.606151268565596;11.918459355973036;8.423038657998191
0;986;0;1778237177.6862695;0.20337510238467704;0.5513059724012458;-0.5017099250682157;-2.487348980179769;10.771977708051983;8.073463796194035
0;988;0;1778237177.703668;0.1748928094982759;0.534926407911879;-0.3648115864881613;-2.443687663892974;10.223365424644639;7.729935673125343
0;991;0;1778237177.7338896;0.14819506286796194;0.5048001954197949;-0.23627789663917773;-2.2520675058439963;9.195819513152925;7.414687805790492
0;995;0;1778237177.764119;0.1302757302767219;0.46494912440499014;-0.19950659467297466;-2.110360269034832;8.032376551842038;6.985433732518083
0;999;0;1778237177.7952082;0.060398575878766174;0.44479789237927175;-0.003740193096846151;-1.8080100880462027;6.938820129741004;6.486937560085149
0;1002;0;1778237177.8264487;-0.010908699978666196;0.43212265669408173;-0.00652571646552932;-1.584971130516389;6.1425551013007;6.062248214612708
0;1006;0;1778237177.8575377;-0.0783672657582245;0.3865865621128442;0.11142649682880953;-1.507983847734933;5.033443935012189;5.654292180847715
0;1010;0;1778237177.8891468;-0.08597094257519823;0.347868816862611;-0.03132128871230134;-1.3469674669764151;3.8388884676570227;5.034420653983932
0;1014;0;1778237177.919797;-0.14630508446136048;0.32519908831217476;0.11709669982019758;-1.0463735695353271;2.8823566978131865;4.562615096143392
0;1017;0;1778237177.950567;-0.15840238757326455;0.275689589411888;0.06608566594329035;-1.0223696865325576;2.016495832308071;4.007632177492962
0;1021;0;1778237177.9819658;-0.19110903332159646;0.2279042600966894;0.04718749432789932;-0.831147022593089;1.2215531298014473;3.457513741795516
0;1025;0;1778237178.0140352;-0.228696677708505;0.18129136283952282;-0.042998944273043314;-0.8290133627315424;0.15052082206364234;2.8796166540654755
0;1029;0;1778237178.0449243;-0.23201904781192298;0.14630236017655257;-0.012684032854882234;-0.7958841315120857;-0.5992279443913732;2.375755903812975
0;1032;0;1778237178.0761409;-0.23462411605386968;0.12138232580582053;0.018797895523143007;-0.6803953278699958;-1.156045312607295;2.10319732794546
0;1036;0;1778237178.1077127;-0.3257196129863678;0.07644329782385954;-0.04914062608040013;-0.6586239753112625;-1.7396166245593756;2.0318269336688566
0;1040;0;1778237178.1387968;-0.3303867785520099;0.05409161206138138;-0.17836094048115925;-0.6584077509216633;-2.2592693413380105;1.8804068251901265
0;1044;0;1778237178.1701436;-0.334221360768284;0.032875103180075076;-0.26106360281284335;-0.6583751433281164;-2.597696262059948;1.7551053153182796
0;1048;0;1778237178.2022972;-0.3495498635804836;0.025873053810982552;-0.22537188601859112;-0.6292786918658299;-2.657747378695952;1.7532289955908946
0;1051;0;1778237178.2337804;-0.355579637239786;0.02016350877071805;-0.25783874813485685;-0.6265842903666696;-2.727284874153801;1.753209045443686
0;1055;0;1778237178.2643483;-0.36432636109404326;0.018599194455247204;-0.24895820834221496;-0.6259007882644047;-2.7356444887790983;1.770958305824111
0;1059;0;1778237178.295806;-0.44649575049570245;0.019758639591470607;-0.11549966352614467;-0.6685987136189786;-2.690969906192061;2.028460555887772
0;1063;0;1778237178.3267193;-0.4545842219438118;0.023578236786020928;-0.2674486977214495;-0.9283738135418336;-2.5618899390278798;2.4832637265059914
0;1066;0;1778237178.3583126;-0.45742544143808084;0.026927957428263514;-0.2667874881856383;-1.1701960023168547;-2.5621808088212155;2.683660775788689
0;1070;0;1778237178.390178;-0.4922690441311115;0.03373097683610202;-0.24946257358344492;-1.4409610767151448;-2.5586672358363565;3.150391787361518
0;1074;0;1778237178.4211628;-0.503318370760182;0.05822475959346138;-0.3848350099727638;-1.6457712997383434;-2.4110470436318328;3.390697513476241
0;1078;0;1778237178.4523935;-0.499613855680121;0.05999390898348683;-0.16936665597666622;-1.9431450087123467;-2.3572983293824965;3.4094553460046235
0;1082;0;1778237178.4840927;-0.5372436333436098;0.07991014233891697;-0.2919857255895736;-2.4213862493347715;-2.5527311449761663;3.783511888454782
0;1085;0;1778237178.515682;-0.5143030130884291;0.10007286525824811;-0.29201336427390673;-2.38455978642233;-2.756270090971777;3.860448709099181
0;1089;0;1778237178.547328;-0.3516688216178618;0.1747144037700868;-0.19489452020011455;-1.778966697269559;-2.7960322431932108;3.868870688890542
0;1093;0;1778237178.5782409;-0.37796245435942794;0.18588149168476373;-0.30955170447053776;-1.889377350205577;-2.4509503557183896;3.8737619955708658
0;1097;0;1778237178.6095572;-0.3918540017156456;0.18384858146368974;-0.1823174169792227;-2.058076968539702;-2.3600266377494967;3.9376477316783216
0;1100;0;1778237178.640497;-0.39745173174579784;0.18740221307746716;-0.16660841074661042;-2.097296610875698;-2.3494161771038384;3.999990432870582
0;1104;0;1778237178.672048;-0.38001826487202817;0.21460027344852753;-0.1609581742015709;-2.0322391808284026;-2.3511992843787195;4.00303023177131
0;1108;0;1778237178.7039483;-0.3791839119017594;0.22589494870170773;-0.1746404522440194;-2.0453719100854353;-2.2480285230998787;4.031088856458009
0;1112;0;1778237178.7356484;-0.38021432024025476;0.22620304901434127;-0.17965473127781323;-2.232650647864545;-2.100331212679254;4.1530593623392
0;1116;0;1778237178.7676556;-0.381341219486818;0.2274591305866671;-0.20885051901230028;-2.233026012399;-1.9832583841136295;4.160684006835401
0;1119;0;1778237178.7987783;-0.38026645420337346;0.2252565113927523;-0.15168965666865877;-2.233134313198132;-1.8206256223104744;4.175117519220095
0;1123;0;1778237178.830199;-0.3778410723363204;0.22094711194739544;-0.04303191219400386;-2.237862833383166;-1.7147636029380209;4.179584675711866
0;1127;0;1778237178.8610637;-0.38235071835730067;0.22303926954191985;-0.09790576654702093;-2.2903484853714122;-1.4827157289330022;4.208454382853987
0;1130;0;1778237178.891709;-0.38300578078892994;0.22310402369619997;-0.11484009554656384;-2.2727083640315993;-1.4351741928382793;4.209115587732901
0;1134;0;1778237178.9232838;-0.37996710885730206;0.21849674582736062;-0.24465726116510828;-2.0344838238618155;-1.394522163462364;3.9955279705310955
0;1138;0;1778237178.9548626;-0.36253832216512544;0.195061376823477;-0.06693612595642981;-1.62276307996475;-1.0401041100387978;3.8696247709253684
0;1142;0;1778237178.9860983;-0.3608391368330191;0.19285751190958592;-0.06212126107790135;-1.0238795270851693;-0.39173484568935546;3.718159229758458
0;1146;0;1778237179.0167022;-0.3587844206912391;0.1675370076720927;0.0063871745042207734;-1.026940114374585;-0.04052037569306923;3.5305487160018196
0;1149;0;1778237179.0474474;-0.34566941092770037;0.1453050856609772;0.06160098089080645;-1.0792505738936464;0.13235208469091198;3.4952500320096482
0;1153;0;1778237179.079671;-0.3142465320049985;0.14536281954286764;-0.062476908310002646;-1.2926669383612206;0.24982050036668035;3.4953261443359733
0;1157;0;1778237179.1113014;-0.3137115243808011;0.14431570458599902;-0.02610492653908736;-1.3419300548062396;0.564864779802234;3.6516182799410024
0;1161;0;1778237179.1432588;-0.3138384946804376;0.14423195029152025;-0.01415125814206302;-1.4076087894380322;0.7716356496456407;3.6912969433110923
0;1164;0;1778237179.1738348;-0.31131790255202135;0.14878999311569038;-0.18405891022155088;-1.5421535881027113;0.7766495910543942;3.7387018460446804
0;1168;0;1778237179.204947;-0.3124209352009085;0.15085658434509452;-0.09239963186185221;-1.7958629631205938;0.8283410930651007;3.7465732688324023
0;1172;0;1778237179.2363992;-0.312303581393799;0.15116978396006078;-0.09832842652849944;-1.8345861988525167;0.8464533120060858;3.7856889692249585
0;1176;0;1778237179.267408;-0.31218990653540446;0.15142123311938133;-0.09832512013155309;-1.8346914819823235;0.8492690489593825;3.7928830928973634
0;1179;0;1778237179.2989132;-0.3123175055161505;0.1511379889950592;-0.08874141798128264;-1.8321326660424486;0.8501069551421443;3.792923663784964
0;1183;0;1778237179.3303835;-0.3123245141462973;0.15112581120912302;-0.08765195436634249;-1.811322818372608;0.8512053029525414;3.79292869323384
0;1187;0;1778237179.3623164;-0.3096220236168613;0.15539629063690377;-0.2505603439386006;-1.8261060451024882;0.8512554297930067;3.792915616666762
0;1191;0;1778237179.3939078;-0.3096849150122984;0.1547621609577728;-0.2506653802528607;-1.8312860421483017;0.8509518187291848;3.7928864458632807
0;1195;0;1778237179.4255428;-0.30967557793359785;0.15352246002102266;-0.25326926098604496;-1.831128620398479;0.8396843444120096;3.763882955381054
0;1198;0;1778237179.456142;-0.3132900751925705;0.1460414808005893;-0.01090410638625373;-1.7983763463722877;0.7848978872112337;3.704682989143186
0;1202;0;1778237179.4876828;-0.31102051310273515;0.14665198836914242;-0.06533902563004167;-1.7983961288712005;0.6406807877645893;3.65167561565819
0;1206;0;1778237179.5187423;-0.30921196054205863;0.15003431602281972;-0.21194940462352838;-1.7862842100877243;0.5310092961650654;3.600649509733794
0;1210;0;1778237179.5505345;-0.31190602208773005;0.14251539473320285;-0.04186684094396243;-1.7600274692850442;0.27869161156327965;3.439225995088754
0;1213;0;1778237179.5817506;-0.31215544549680885;0.13616075593167987;-0.028957625284726417;-1.729677762986976;-0.008439736758324497;3.3203308295470153
0;1217;0;1778237179.6114094;-0.31596786088285117;0.12591969200683326;-0.17762615197104922;-1.597002578117847;-0.4298934419607858;3.0960596570425514
0;1221;0;1778237179.6430533;-0.31418284893705317;0.11409953248404046;-0.027037010316278868;-1.2667951180458592;-0.8202632114010141;2.8629929843435264
0;1225;0;1778237179.673973;-0.3198594202352357;0.1046886070375804;-0.06848416587179021;-0.7651964462495422;-1.2318438851468796;2.7049928479001673
0;1228;0;1778237179.7053623;-0.3232902029033168;0.08014710272711173;-0.05572578128874539;-0.03448822759835411;-1.4625828450818874;2.699447880514243
0;1232;0;1778237179.7372222;-0.41624445374731045;0.08906419334092625;0.038796126649674134;1.3511387242259745;-1.7347196178369917;2.9331933611632484
0;1236;0;1778237179.7683134;-0.40143440329009106;0.14751203576920197;0.4050274788223692;2.606300140252329;-1.6335363271056984;2.940961847897306
0;1240;0;1778237179.7991014;-0.4359361431664588;0.14996661638111916;0.3847060837763421;3.1581914566786073;-1.1724559851693401;3.1435148542649016
0;1243;0;1778237179.8301554;-0.453107380164104;0.1485706532619262;0.3421736179759984;3.382185003605109;-0.9853859695185891;3.142717183673148
0;1247;0;1778237179.8607314;-0.45525723671379054;0.15209418967814628;0.4017932172122255;3.5170241926773373;-0.9358046566080074;3.0582988901772223
0;1251;0;1778237179.8922343;-0.4556300678962186;0.15009645067247682;0.4022282179710389;3.5729147815547178;-0.9261099747785434;3.0176408254626557
0;1255;0;1778237179.923377;-0.455136110820024;0.1512935526429359;0.44105342112202817;3.6509091276494687;-0.923926774845567;3.0169363673234066
0;1258;0;1778237179.9542844;-0.45826056279637234;0.1377574313162069;0.3207300038650011;3.6492333152839453;-0.9238763127085097;3.0171328511261675
0;1262;0;1778237179.9854584;-0.45869845083139243;0.14229373807312767;0.41355681871964745;3.6503287292491646;-0.9209990488306286;3.021160769082757
0;1266;0;1778237180.016775;-0.4599909726235847;0.14121978774667696;0.4132332109396459;3.657901067477053;-0.9123158729943005;3.0276675347420916
0;1270;0;1778237180.048455;-0.46105162750879347;0.13921459770563546;0.3971767419715988;3.7356751237110304;-0.896198836422473;3.0478305952864635
0;1273;0;1778237180.0789256;-0.46420579048868776;0.1363124543549573;0.35079726003970385;3.735795159890874;-0.8464033528139163;3.135319870266149
0;1277;0;1778237180.1103225;-0.47815161398069356;0.14591648968222348;0.4803819882813692;3.735816954169337;-0.7606983586471829;3.3121790988085973
0;1281;0;1778237180.1418478;-0.4791447438578433;0.14859000266940792;0.49904906719892095;3.7011690808617357;-0.7598802349633338;3.568727933013642
0;1285;0;1778237180.1736536;-0.47981086642010295;0.14859394938970655;0.4979278260823433;3.660268261414748;-0.758807453518057;3.5689032931311226
0;1288;0;1778237180.2052436;-0.4834682537014359;0.13900400117619066;0.3429178134182656;3.6498395315218137;-0.7412620534654111;3.573837853071782
0;1291;0;1778237180.2227168;-0.48588215631711895;0.13920810133417047;0.343552222511223;3.6021127440601535;-0.7117405297489443;3.58956996915629
0;1294;0;1778237180.2522564;-0.49091067381381903;0.13979560383101242;0.3463210039709846;3.6015202749825463;-0.6919367395026237;3.6217245770077025
0;1298;0;1778237180.2835891;-0.4949462011402826;0.14143527401808467;0.3653504826214435;3.6004768319890474;-0.6790873358656124;3.6452955921105334
0;1302;0;1778237180.3140988;-0.5049732457163104;0.14260382920927467;0.37352743511459574;3.631870651873798;-0.6232632614496185;3.6854111469396633
0;1305;0;1778237180.345461;-0.5044598693791773;0.14622287858516997;0.42227681198450756;3.817386903118419;-0.5961884388751632;3.703999654689217
0;1309;0;1778237180.3773413;-0.5049661206637359;0.1480881637948588;0.44379312025935325;3.8196484786297153;-0.40248642428806247;3.784164040325719
0;1313;0;1778237180.407394;-0.5034721415026724;0.15798526929934398;0.573470381046545;4.118035956848848;-0.368966656363375;3.8218071180873463
0;1316;0;1778237180.4383316;-0.5018156366325563;0.15795431257582174;0.5670846108878582;4.1180155037567525;-0.3109651449245753;3.8500035496732514
0;1320;0;1778237180.4697683;-0.5022286102680513;0.14896958635264188;0.44198032992230896;4.111271012813874;-0.10370444867270832;3.9596696765273074
0;1324;0;1778237180.500272;-0.5013107824171301;0.159341951491435;0.5649486784605231;4.108373379668044;-0.07295309373079868;3.994056689086534
0;1328;0;1778237180.5321608;-0.5012007399384795;0.1610633269382587;0.5649200385433119;3.949316388367515;-0.06780279662840054;3.9974700083904615
0;1332;0;1778237180.5636914;-0.5021661147088683;0.15317911863952796;0.4140015523934156;3.828831246387738;-0.06816997259140363;3.9994167404021126
0;1335;0;1778237180.594577;-0.5022042081272079;0.15355283463240643;0.41542334964931255;3.7781464723937352;-0.07436088362230833;3.999970650371669
0;1339;0;1778237180.6255157;-0.501740474313241;0.16545034521615515;0.5427307620674585;3.778043201043479;-0.11283682763980349;4.000234193492778
0;1343;0;1778237180.655887;-0.5008365240157003;0.17991698443842322;0.5518323880502799;3.868220548799155;-0.12406590001920578;4.000221787518884
0;1346;0;1778237180.6870687;-0.5002529216701859;0.1862227840315311;0.6283146582818079;3.875302012816735;-0.12416054796024331;3.9998133962701425
0;1350;0;1778237180.718609;-0.5011275800849204;0.17770903309732028;0.5017312536569681;3.8754931318740273;-0.12412064766582606;3.9997527075870374
0;1354;0;1778237180.7497764;-0.5006088483161136;0.18226303606324962;0.5688967026903363;3.877889831911795;-0.1205914100433221;3.999683301192547
0;1358;0;1778237180.7815912;-0.5006331573190149;0.1821457986785678;0.5672335850263278;3.877895531953855;-0.09270031839429055;4.000309299929328
0;1362;0;1778237180.813472;-0.5006348338019736;0.18224048503900647;0.5682384502841885;3.87800819160868;-0.08922868891745517;4.005043687804718
0;1365;0;1778237180.843169;-0.5006262651112958;0.1823535777852626;0.5699090655525402;3.8775531941336867;-0.08858559005449508;4.006015712624176
0;1369;0;1778237180.8745093;-0.5015374801683242;0.17195391158717663;0.41656163500930365;3.8649524129194512;-0.08875299735594049;4.006122001643758
0;1373;0;1778237180.9058726;-0.5015212741663901;0.17174780896344058;0.4148103622830497;3.8297456001934167;-0.08882794662221319;4.00609718969597
0;1377;0;1778237180.938018;-0.5008855611422425;0.1727627214768107;0.4304654532893996;3.718495867536566;-0.08894716551661425;3.9864122620914206
0;1380;0;1778237180.9689229;-0.48588238916197435;0.1639224638441489;0.3022219579836712;3.4819565280368754;-0.09859739959163558;3.861000607289187
0;1382;0;1778237180.9863846;-0.4835993919239837;0.1637267577432054;0.30139442736766486;3.478622003432007;-0.10191821894831675;3.860589868964304
0;1386;0;1778237181.0161812;-0.48339174088195935;0.1643731234194864;0.30399698088517346;3.478486208312351;-0.10231512628879069;3.8606358045973725
0;1390;0;1778237181.0474026;-0.4822094478443022;0.17447774025908264;0.454532297541063;3.476300745127381;-0.10306220900726458;3.8606267515893955
0;1393;0;1778237181.0782914;-0.4805497762841532;0.17416178143258015;0.44847129938665464;3.475713640795241;-0.12488878072345024;3.8603548260534932
0;1397;0;1778237181.1093042;-0.4761864499702912;0.17489021327813845;0.44729543286700585;3.475918842309387;-0.14676076417177986;3.8441281474961664
0;1401;0;1778237181.1402817;-0.47484689351731313;0.17373359138578648;0.4289946654759316;3.2975296554188223;-0.1554981847098406;3.8290381243848426
0;1404;0;1778237181.1707032;-0.4748696191751978;0.1734878585676654;0.42090493666560325;3.070763876271802;-0.15547253452057236;3.8150106561727477
0;1408;0;1778237181.2018929;-0.4746475783211112;0.17229693862811657;0.39920612459311383;3.0625447509184442;-0.15550865225031402;3.787342316718836
0;1412;0;1778237181.2327967;-0.4745224940648033;0.1728634850879747;0.39699610093279813;3.134125879102957;-0.1552111708273099;3.784791380248867
0;1414;0;1778237181.2502272;-0.47437705916813544;0.1741877436339546;0.40691915699641495;3.1472547524491854;-0.15519697311225336;3.784218693670173
0;1418;0;1778237181.2796278;-0.47426352401665406;0.17397245528067395;0.4032820272174996;3.1105813524308736;-0.15499889665068212;3.780252470286463
0;1421;0;1778237181.3113291;-0.4743973166705532;0.1725837685632115;0.3778848937381022;3.09617298729056;-0.1549280966797322;3.7795909301109574
0;1425;0;1778237181.3422163;-0.4746378454061565;0.16753321230095006;0.28483678313290645;3.063732706742984;-0.1550477975629839;3.7795372826562788
0;1429;0;1778237181.373274;-0.47658615144902966;0.17600157013060533;0.43193009399868576;3.0528308733591034;-0.14145694838144734;3.7831420563140905
0;1433;0;1778237181.4043674;-0.4765630066704053;0.17648504918830807;0.41748486486086944;2.8526199136848223;-0.14441779541283864;3.7824489982589613
0;1436;0;1778237181.4351337;-0.4776887184082061;0.17927262122789844;0.45901437473116663;2.84275381147283;-0.14905828976452165;3.7815151972509615
0;1440;0;1778237181.4667807;-0.4799407007114606;0.18807902321858858;0.43105622725645965;2.825438089585527;-0.3582715752403764;3.7445108594966006
0;1444;0;1778237181.4973836;-0.48043484406353953;0.18575325238066542;0.3801345010238319;2.713783989239036;-0.5499778206892839;3.7137997034726355
0;1448;0;1778237181.5283177;-0.4798217169903635;0.18602122188247489;0.3826443590044153;2.7090204305601655;-0.5677791777776506;3.650257981668307
0;1451;0;1778237181.5603569;-0.47984942552815324;0.18594191492473383;0.3810578240133399;2.60965729737714;-0.5684964610115335;3.6497255306806218
0;1455;0;1778237181.5911858;-0.4801394570800096;0.18490321730938702;0.35940984197277903;2.584692957287327;-0.5685872425637475;3.6493047334579862
0;1459;0;1778237181.622505;-0.4800931675227609;0.18680532693295357;0.4026576770222945;2.5376112804681776;-0.5481037642138931;3.6499763325312444
0;1463;0;1778237181.6531303;-0.48271430205972843;0.1854343597089852;0.37728073119185807;2.3647452666850737;-0.4660475932947119;3.7064479904021126
0;1466;0;1778237181.6853096;-0.4842075361172547;0.1843943698046911;0.34981216331006465;2.3910015045428663;-0.4364592198202667;3.7254640013061366
0;1470;0;1778237181.7172654;-0.4832708012640771;0.1903872724811447;0.4949629659698697;2.38949753168061;-0.4267945889478375;3.7650316815043605
0;1474;0;1778237181.7482903;-0.4854651777501116;0.18385432108937474;0.33524166364005614;2.3912092207814504;-0.39013581624334054;3.7730315228867197
0;1478;0;1778237181.7805407;-0.4858804798341603;0.18235994609205713;0.29917150410236126;2.392732808494323;-0.38834545817966315;3.775094602815704
0;1482;0;1778237181.8119872;-0.48604342466395234;0.18225982280424544;0.2983596672296073;2.388036812078689;-0.38831230572915476;3.7750500083690026
0;1485;0;1778237181.8435328;-0.48508838820514216;0.18736605227142727;0.4222281939787051;2.3877246509517773;-0.38839353132850407;3.774945731128971
0;1489;0;1778237181.8738549;-0.4851135354495228;0.18644637330390593;0.4004266041870527;2.387533531894485;-0.3934722268915377;3.7723438295770575
0;1493;0;1778237181.9052699;-0.4854808249243929;0.18530945008631874;0.37251630633012545;2.385204058823361;-0.39856454387861084;3.772433353767053
0;1497;0;1778237181.9362292;-0.48540566260507745;0.185265931382849;0.37189975643757534;2.3645690683261136;-0.40983071892149303;3.7724578304182503
0;1500;0;1778237181.9677246;-0.48537502022211;0.18524764141945918;0.371518682547267;2.3611897816262473;-0.4155824804803736;3.7724558186387
0;1504;0;1778237181.9985428;-0.48553829103469964;0.1847964230164688;0.36230689766336727;2.351191069612222;-0.4159595214977869;3.7724162536408734
0;1508;0;1778237182.030072;-0.48587088662611877;0.18478136959656877;0.36225879191624655;2.3505365706651427;-0.4161163564785739;3.7730616995799764
0;1512;0;1778237182.0622299;-0.4861697662824793;0.18437580042747484;0.35441739214417667;2.350129688251064;-0.4331723073314254;3.774232555278337
0;1515;0;1778237182.092695;-0.4871748643851954;0.18468756804658054;0.3606250592729864;2.350195071086454;-0.4337857324460163;3.7792388686896285
0;1519;0;1778237182.124499;-0.48900567691404584;0.1847875167007507;0.3609433814747709;2.3502420126092978;-0.4368501756462372;3.7845224723822906
0;1523;0;1778237182.1555238;-0.4885985709689064;0.1864992640128046;0.40237211609166135;2.374258469234258;-0.45926764473725623;3.784567066828992
0;1527;0;1778237182.1866438;-0.4884186750336429;0.18747879575040033;0.42755307640732776;2.376743687572245;-0.4987618530698147;3.784512078187946
0;1530;0;1778237182.2174509;-0.4887666849544879;0.18640174858737313;0.4034384523913413;2.376021458713634;-0.5080986476996687;3.7844108186172405
0;1534;0;1778237182.2478218;-0.48914189115444073;0.18605220189048266;0.3972215413217731;2.375906451982667;-0.5168835022274424;3.7843645476875802
0;1536;0;1778237182.2651796;-0.49063624286727286;0.180438428849795;0.27739368777044277;2.375192773187145;-0.5228648581275178;3.7842840765055623
0;1540;0;1778237182.2948189;-0.4913508902973929;0.181048889849377;0.3107233797827898;2.3754854871117357;-0.5237753560223918;3.784195893501934
0;1543;0;1778237182.3255668;-0.4930500989139848;0.17972980045918646;0.31399892478579167;2.375710471124794;-0.5250819649283341;3.7841694050711867
0;1547;0;1778237182.3572004;-0.49384032778415987;0.17248265568476445;0.32034215418940126;2.3750521162669096;-0.5427697402962484;3.783541729851447
0;1551;0;1778237182.3881233;-0.4941241190938921;0.1724230008328171;0.3664369367166279;2.379849707549842;-0.5566831657550771;3.782271291065338
0;1555;0;1778237182.4191432;-0.49564669160319574;0.1649141384409525;0.33102081509319875;2.380062788533894;-0.6363827884033516;3.7791148089506845
0;1558;0;1778237182.4497588;-0.4954908252570071;0.16348716038702346;0.3373254155353015;2.3800076322445523;-0.7474072017505521;3.718155206199357
0;1562;0;1778237182.4808347;-0.4932472253685461;0.16561422142536877;0.39814262900066955;2.379745765606402;-0.7949111846270001;3.6589766989433596
0;1566;0;1778237182.511997;-0.4927086086490904;0.16519770854807217;0.39690342868035844;2.375648441255322;-0.8099825987774819;3.6494405285776415
0;1569;0;1778237182.5423508;-0.49252130824742585;0.16519014109027244;0.39697165222298364;2.37547760764183;-0.8141915768936121;3.647193706116382
0;1573;0;1778237182.5738883;-0.4862860024342831;0.16311069682485155;0.3562016124174664;2.3020615688590116;-0.8311983229716255;3.5929423822760254
0;1577;0;1778237182.6051288;-0.4863794197902599;0.16252240265550133;0.3448758290916079;2.235150283955978;-0.8314172716460327;3.5925805972535363
0;1581;0;1778237182.6371794;-0.48635236321806524;0.1624948803935959;0.34469160224203443;2.2253488939861916;-0.8314484542290647;3.592530638061367
0;1585;0;1778237182.6686468;-0.48599774050332756;0.16015863153718077;0.29171460103997376;2.1416645647295884;-0.8332653426355636;3.5897456645703625
0;1588;0;1778237182.699751;-0.48484557758995606;0.1590635039711336;0.279153459333918;2.0729061309026506;-0.8346437469242127;3.5846464740031587
0;1592;0;1778237182.7314684;-0.48084064607748883;0.14738503054283714;0.10011044641790581;1.9083053457542691;-0.8352699133092897;3.5426753878353323
0;1596;0;1778237182.7618864;-0.47759138925865896;0.15139297739618143;0.23705827617197037;1.9023266722269272;-0.8351339505413385;3.5366377021078446
0;1599;0;1778237182.7918925;-0.47709263557844356;0.15101090227299496;0.2279702716131885;1.9007199309593024;-0.8353445168009522;3.5349166247024355
0;1603;0;1778237182.8234813;-0.4769137641605437;0.15115081874659042;0.23370461171998985;1.8913680060707458;-0.8359169519072027;3.534745623440647
0;1607;0;1778237182.854008;-0.47649571450720163;0.1520052545856354;0.2525869091373656;1.8906506390127154;-0.8390895282582602;3.5332237122107326
0;1611;0;1778237182.884807;-0.47569347084248914;0.15230241119006627;0.26283471392077534;1.8182480341784357;-0.8709989504769615;3.5101727421216924
0;1614;0;1778237182.915399;-0.47549056983551446;0.15242275705356734;0.2667685113299252;1.797031304094517;-0.8856876235679706;3.5021095296834943
0;1618;0;1778237182.9463413;-0.46029585967721404;0.15664981091582048;0.4408506132529957;1.6920698913674808;-1.0038764030150584;3.424867589140611
0;1622;0;1778237182.9781427;-0.4640383750376724;0.15121759865111226;0.23345162578462383;1.4760453385368981;-1.0074243439005706;3.4247981827461205
0;1625;0;1778237183.0084143;-0.46771452961434873;0.14698840261618965;0.034312690227727184;1.260605962083052;-1.0156402839363068;3.4245346396250116
0;1629;0;1778237183.03866;-0.4630730934052257;0.14869905555742327;0.13922575097420797;1.0637124268874605;-1.066557921413274;3.413394745660994
0;1633;0;1778237183.0694132;-0.4634319073273601;0.14921089511851082;0.11865799442895025;0.6032585447206971;-1.067126249136276;3.4064011293504506
0;1637;0;1778237183.101647;-0.4631331673779127;0.1451919696302355;0.13561323289650595;0.08894132926031426;-1.1182435557336254;3.342117060892007
0;1640;0;1778237183.133561;-0.46521298419510226;0.13679693464553813;0.0059170738387397444;-0.3715260590722853;-1.2236016243286916;3.306899183378445
0;1644;0;1778237183.1646595;-0.4638952685895583;0.11570298365385899;0.004224472558739231;-1.0947043099828613;-1.25743112248;3.2646531540053907
0;1648;0;1778237183.195153;-0.4688532340950795;0.0689065347971995;-0.27566940176292687;-1.8594155820641538;-1.396110463417443;3.1894538402993957
0;1652;0;1778237183.2262862;-0.4293135697898545;0.054908024335543495;-0.28061828631908836;-2.2308266344054717;-1.420571523323052;3.1500296670424373
0;1656;0;1778237183.258217;-0.42450243625013356;0.04775500127278586;-0.11337319624218059;-2.5797126293618957;-1.420758451172948;3.1226094470664143
0;1659;0;1778237183.2894535;-0.4240845263037047;0.04724709387919351;-0.21560930662929942;-3.0108768873174556;-1.4203991808748968;3.0933182721084735
0;1663;0;1778237183.3207688;-0.42318094855793253;0.04690675037521179;-0.3669271217061655;-3.243154271839521;-1.3607023889122156;3.085574262025613
0;1667;0;1778237183.3508587;-0.3645936437035294;0.04284780758797944;-0.3689248141428639;-3.903302631193062;-1.3170697404840144;3.0723360819904784
0;1670;0;1778237183.3821228;-0.3660386555915073;0.043505146078070045;-0.43089360840946506;-4.148654571013493;-1.291574458241179;3.0727370967142007
0;1674;0;1778237183.413663;-0.364225213288868;0.033776946231674626;-0.30541435408881823;-4.150759563016446;-1.073471150365947;3.072730390782366
0;1678;0;1778237183.4435506;-0.3677887640934844;0.037336282544408766;-0.34932377122591346;-4.566285923229778;-0.932732920706916;3.0746057046199753
0;1682;0;1778237183.4750917;-0.3705824366682856;0.05439589371838675;-0.5770647605100132;-4.629547001786818;-0.8804028463372379;3.0745745220369436
0;1686;0;1778237183.5074358;-0.3705881646517279;0.05420323788504865;-0.5753847848784753;-4.630080793960871;-0.8294941780440996;3.0746616991507962
0;1689;0;1778237183.5383244;-0.3693570906168694;0.044411832302661415;-0.45465663669383377;-4.582316117984344;-0.8241825770860276;3.0746888581747274
0;1693;0;1778237183.5702195;-0.374805450672298;0.04309766176004066;-0.42990434375691455;-4.4855330920747685;-0.8160982409625499;3.1239690747459252
0;1697;0;1778237183.6020694;-0.37702455528197343;0.041633175310471233;-0.40705071433970236;-4.432040879718115;-0.8309672197957677;3.1363016186867676
0;1701;0;1778237183.6339467;-0.3773308626892205;0.03208126521464168;-0.28121506768341703;-4.321950602675506;-0.8851470416379354;3.1376645993321963
0;1704;0;1778237183.6646101;-0.37947431600538434;0.034116431120252144;-0.3067203575981367;-4.27693938231036;-0.9806007003854033;3.1399607103924416
0;1708;0;1778237183.6961322;-0.38247731610516855;0.038460608855320086;-0.3634852556229686;-4.184725107759855;-0.9982932118176759;3.1509899564811845
0;1712;0;1778237183.7270985;-0.3850117392179942;0.038678062665755734;-0.36335316273651375;-4.124952119646699;-1.0517727667279917;3.174903644700776
0;1716;0;1778237183.758079;-0.38870801159017493;0.038721951010433416;-0.3513399515441287;-3.90566848394439;-1.069852126602986;3.1851083964704268
0;1719;0;1778237183.7899761;-0.38866938262866807;0.04091586762787854;-0.35557218620441394;-3.887769681284048;-1.2509032331353862;3.185060113761216
0;1723;0;1778237183.8215759;-0.38838817589683045;0.045353427792195034;-0.3587917087352124;-3.862515141994083;-1.2561427453262337;3.184771423395727
0;1727;0;1778237183.852744;-0.39095298526328265;0.06550332095999498;-0.5257482225406099;-3.796247794195488;-1.2602147547846376;3.1847462761513463
0;1731;0;1778237183.8832765;-0.39112938852571544;0.07160010154755322;-0.5223890163810714;-3.7860249364098832;-1.2641090570494187;3.1847549938627315
0;1734;0;1778237183.9141083;-0.3910646110869499;0.0732576716828825;-0.522508232947024;-3.696052790168353;-1.3233758311331916;3.1830010573913317
0;1738;0;1778237183.9457514;-0.38713402693680427;0.07119599347992679;-0.328512633595574;-3.493378741731139;-1.383425522758681;3.173374021649251
0;1742;0;1778237183.9766607;-0.3922356344336069;0.0719209792216255;-0.2992267116175709;-3.4923490458979014;-1.3913958580409667;3.1614149981116095
0;1746;0;1778237184.007653;-0.39575354764656956;0.07463918095767799;-0.27280196393794254;-3.4204520683239674;-1.3913560415706974;3.1612101318940558
0;1749;0;1778237184.0384896;-0.4005471246841953;0.0835508230018767;-0.41693898338192603;-3.425271621533659;-1.3902103331167168;3.161267802907835
0;1753;0;1778237184.0696065;-0.4004143099786889;0.08175139795953097;-0.38695161627710273;-3.434401077133595;-1.3884378715086236;3.1612882559999314
0;1757;0;1778237184.1006505;-0.40180686192075055;0.08878858652786044;-0.4970232238192076;-3.642977686771825;-1.3872521789360779;3.1598625748918465
0;1761;0;1778237184.131707;-0.401789817677337;0.08870827251611986;-0.49850421023734115;-3.6531623207459716;-1.3855211264570648;3.16123796151117
0;1764;0;1778237184.1624124;-0.4018212983017838;0.08878335916085725;-0.5000087605548387;-3.6713605432627383;-1.3849545590411698;3.1698597780712094
0;1768;0;1778237184.1935346;-0.4007894230406996;0.08449496232145531;-0.43400641814304464;-3.679756369919944;-1.363862140168639;3.205469952597109
0;1772;0;1778237184.2246132;-0.39991984064381236;0.08166086205863941;-0.38683971103960896;-3.677693960584142;-1.3266720481024536;3.208706235300597
0;1776;0;1778237184.2565224;-0.3990698637837478;0.08133585138838421;-0.376344671588761;-3.670564213857352;-1.322335405809018;3.2086592937777536
0;1779;0;1778237184.2874835;-0.3971645409011771;0.07518077227016119;-0.2816769154540554;-3.6709477931583048;-1.2728236669412225;3.209666860035937
0;1781;0;1778237184.3049743;-0.39716030312480927;0.075208754400656;-0.28166632101313577;-3.671014852476653;-1.171287811843713;3.219140329938999
0;1785;0;1778237184.3356388;-0.39834534373175984;0.07542087606390355;-0.28159814403948163;-3.6711476299269825;-1.0495090117888493;3.294729258284598
0;1789;0;1778237184.3665748;-0.40099088040957087;0.08801455201737678;-0.4709127002719091;-3.673714660633355;-1.0216380693693778;3.2978327635377567
0;1793;0;1778237184.3975408;-0.4006278287110686;0.08388937942159341;-0.40638203048403354;-3.685188510002747;-0.8538609357832815;3.3322398938924875
0;1796;0;1778237184.428322;-0.4007666973828149;0.08462818450545868;-0.4171903161188189;-3.7641780163817864;-0.8518390973350807;3.3869978508829655
0;1800;0;1778237184.4588554;-0.3990103952076848;0.07719169611576632;-0.29587118440674737;-3.7670209961831627;-0.850208550009442;3.403417995573727
0;1804;0;1778237184.488861;-0.3970587827678653;0.07618467704299343;-0.27192947098036313;-3.768331335263688;-0.8374713030823682;3.430157898765107
0;1807;0;1778237184.5203671;-0.39637952775576246;0.07703540482771656;-0.2712387134324047;-3.7713198337858795;-0.8062696919688329;3.4467007620084464
0;1811;0;1778237184.5511694;-0.38675341873620667;0.07615195069857034;-0.2644751757803559;-3.8359207575235192;-0.7597415898226486;3.448922772521917
0;1813;0;1778237184.568578;-0.3841215034824351;0.07598600799126524;-0.26451468955231316;-3.922417219295058;-0.7179689992371332;3.44982639683666
0;1817;0;1778237184.5977173;-0.38377095555266655;0.07593504407354482;-0.26519904386674875;-3.9840866449311028;-0.6286745712316597;3.4528705545930802
0;1819;0;1778237184.6150837;-0.38211633672587914;0.07555764331083002;-0.2611755313348226;-3.9864488094199206;-0.6162600472741371;3.452915149039782
0;1822;0;1778237184.6454787;-0.3798199276242189;0.08672673951238458;-0.4316802048998963;-4.198961801045195;-0.5420993566731354;3.4530274733980155
0;1826;0;1778237184.6760175;-0.3738265941847828;0.08576778543888268;-0.45433572991415455;-4.395431521348826;-0.43644061085942504;3.4530284792877906
0;1830;0;1778237184.7061632;-0.3576439000206364;0.08187392674355122;-0.42415181846690836;-4.68111159403755;-0.32394600578158617;3.4523907451702986
0;1833;0;1778237184.7376552;-0.35789115797256016;0.07171458554182022;-0.30083757889603313;-4.7467536136925474;-0.28900795422986936;3.511754000848345
0;1837;0;1778237184.768957;-0.3581067955931239;0.08333860237956564;-0.4393421511419278;-4.794134710368121;-0.17240595542517934;3.5208153912401574
0;1841;0;1778237184.7998264;-0.35811715718918813;0.08319256208627382;-0.4376233835574843;-4.86857591848019;-0.17231568729587143;3.5224814800045205
0;1844;0;1778237184.8300264;-0.35814009240744266;0.08255349027508746;-0.43026436847229693;-4.881481148999725;-0.17233435912482403;3.5231255847572562
0;1848;0;1778237184.8614402;-0.3583407115348346;0.07878591498706917;-0.38610946300417875;-4.872928738834176;-0.17309578625061336;3.524111356736976
0;1852;0;1778237184.8921125;-0.35622862242069;0.08967443895901704;-0.5193977516619982;-4.86715124326188;-0.32360356318123323;3.475404832634247
0;1856;0;1778237184.9232144;-0.3518539565623713;0.07485155875026644;-0.3540006697065103;-4.82231638890399;-0.48185259447585005;3.439328595845827
0;1859;0;1778237184.954858;-0.3508599185902856;0.07407810053079984;-0.3455515681463946;-4.751724050368522;-0.5252408116886716;3.4192356122891296
0;1863;0;1778237184.985883;-0.3489024151756251;0.07806836863849972;-0.39545923174937436;-4.747913069306789;-0.6377040246231087;3.3984509118636694
0;1867;0;1778237185.017563;-0.3490346477689931;0.08211445547915462;-0.4442497755897167;-4.7294657214223585;-0.7050135580529837;3.395378253896951
0;1871;0;1778237185.0486183;-0.3489862160390749;0.08154806036845251;-0.43718880191941056;-4.661058175478678;-0.7413621394980459;3.3885402152049764
0;1875;0;1778237185.081081;-0.3489790211330438;0.08165544259463053;-0.438392330407878;-4.604740083446828;-0.7961115464254342;3.3340934134516345
0;1879;0;1778237185.1127;-0.34934423828870104;0.08498701006983587;-0.4795900829282354;-4.486590617525121;-0.8073496822908321;3.2932965359480866
0;1882;0;1778237185.143637;-0.34928595722140043;0.0843953396500827;-0.4721168807259717;-4.450709523353094;-0.8320101598443795;3.2917642305238277
0;1886;0;1778237185.1750536;-0.3531955387655912;0.0845190326583798;-0.4764673074348458;-4.417391771624931;-0.834241223365827;3.2916036234563837
0;1890;0;1778237185.2057507;-0.35326576477397253;0.06937290557915349;-0.27799445078179835;-4.2532134601821445;-0.8843453474870817;3.2906953049893564
0;1893;0;1778237185.2368634;-0.35336868220004874;0.06832928329511548;-0.26400520172426495;-4.251761961236495;-0.9034632885549951;3.2848453853532433
0;1897;0;1778237185.268301;-0.35477567052314374;0.067988928148891;-0.2589788031157488;-4.2420705485488;-0.9184660507283179;3.2825794509862547
0;1901;0;1778237185.2997475;-0.35932846269582513;0.06634861763846646;-0.23319554301268133;-4.160043925641767;-0.9255433235385003;3.2823963790471637
0;1905;0;1778237185.331098;-0.35933956939542655;0.06611726299016488;-0.2301578955984171;-4.140461598794291;-1.0107374095235677;3.252304515828145
0;1909;0;1778237185.362628;-0.35989818748795915;0.06877476789354223;-0.26652649238724735;-4.058247209795883;-1.0148859504290366;3.239966271845244
0;1912;0;1778237185.3945117;-0.35979741223455236;0.068793738928134;-0.26665576785095213;-4.010077495536532;-1.015764511323547;3.193546470498192
0;1916;0;1778237185.4256968;-0.2712800201097484;0.07866998153357746;-0.47540241477326917;-3.98793316743156;-0.828667671945457;2.961702289172656
0;1920;0;1778237185.4565456;-0.24952667577212992;0.06988298716158292;-0.35848083756879984;-3.7879136621111633;0.2202113175475102;2.42228316771768
0;1924;0;1778237185.4869132;-0.03540601615670588;0.06243380872727255;-0.39279441551753824;-3.653001713678527;1.7283526708564139;1.4477682681206796
0;1927;0;1778237185.5177724;-0.011738744591470385;0.049892808101206755;-0.2173179221780485;-3.4526894944335402;3.403769721698464;0.9706273032640542
0;1931;0;1778237185.5486999;-0.00977412776647816;0.04572329311327773;-0.2696641699513811;-3.6438746051547337;5.778314366573773;1.0392719877222436
0;1935;0;1778237185.5806348;-0.10905619441229572;0.046651738689604;-0.26189746680891585;-3.9047846421285595;6.7648239987954355;1.6319639537387267
0;1939;0;1778237185.6121135;0.034724872190713775;0.041275839953168456;-0.2426331408373247;-4.046439740317707;5.731715516846731;2.106408966349455
0;1942;0;1778237185.6429856;0.07238194800293475;0.045436707665280955;-0.2624649330059527;-4.0223694685897735;4.814044621985729;2.3474454713858783
0;1946;0;1778237185.6733575;0.07047284139146416;0.05810636962674545;-0.23263427048879748;-3.57010030196364;4.086407764646471;2.388823753179506
0;1950;0;1778237185.7041385;-0.030593497190095343;0.06652587660574283;-0.2237866782431913;-3.492892561673114;3.1627360666830713;2.5996545618040137
0;1954;0;1778237185.7364867;-0.1584293742920026;0.06151351854200584;-0.03685212823662545;-3.1762589135245944;1.7023938410754957;2.5807778666338583
0;1957;0;1778237185.767764;-0.15389150747455085;0.06776836003851469;-0.13957506482624304;-2.9318186451371084;0.20611400286414822;2.3608008375798275
0;1961;0;1778237185.7985156;-0.1278450861159374;0.02016779602661766;-0.6310415975210584;-2.7357219422917907;-2.031651238254784;1.9484681774028338
0;1965;0;1778237185.8288643;-0.1194682013877166;0.0036029074062963753;-0.25871932080891774;-2.4461807617008673;-3.0998401261144366;1.5930457430387062
0;1967;0;1778237185.8464148;-0.14433061829898583;0.010822987604481771;-0.414513904213185;-2.352929414792105;-3.2307667392576334;1.4056096673339218
0;1970;0;1778237185.8752084;-0.2437427397111335;0.014599157050583948;-0.45939395841440056;-2.26738284826497;-3.2308260867543717;1.209724285165549
0;1974;0;1778237185.906326;-0.24348712262890174;0.005603464926176147;-0.32753270602172413;-2.2673739629052885;-3.246763404353026;1.1564398728716265
0;1978;0;1778237185.9372034;-0.24702559604259416;0.008056752157685726;-0.39468544172598885;-2.221827776828019;-2.968251637499142;1.1386165957685748
0;1981;0;1778237185.968743;-0.25917050428517985;0.007691619408288543;-0.37523872837918165;-2.1791805650829463;-2.159784998437071;1.411530753671632
0;1985;0;1778237186.0004294;-0.26151061836619416;0.008719115003171235;-0.38774678145821173;-2.303597730194075;-1.3485064783325085;1.8019425609220494
0;1989;0;1778237186.0307958;-0.2575882769239289;0.020971967937788712;-0.19944600844160584;-2.2927094763221594;-0.42176346358875716;2.116130052785519
0;1992;0;1778237186.0617409;-0.2565798724242665;0.024651264464732224;-0.19244145307975732;-2.272188486666104;0.35078104938087257;2.1946618793168318
0;1996;0;1778237186.0932312;-0.17135910940411864;0.033819917749734266;-0.13511029965113658;-1.922617816069344;0.8065298821240244;2.196978275820878
0;2000;0;1778237186.124782;-0.17705114160069818;0.03460919777712368;0.07007228420788222;-1.9163940407334392;1.6200356098392295;2.1999397829674336
0;2004;0;1778237186.1563177;-0.17099107482571135;0.0415303102744875;-0.12909066638528577;-1.630956387480544;1.8397333368323396;2.0570430814990672
0;2008;0;1778237186.188102;-0.14990363184773994;0.04020381932845666;-0.018080357906255635;-1.2121811709415342;1.6383461567142292;1.5819425640514844
0;2012;0;1778237186.2191648;-0.07367112265033089;0.034450726479115464;0.18483104704646322;-0.8881352048635351;1.3421915023236501;1.051885174910373
0;2015;0;1778237186.249026;-0.07405009511581949;0.0347260218621872;0.1721535178394477;-0.7512695670149697;0.7813388815381941;0.8326274408697755
0;2019;0;1778237186.2800002;-0.07288534111689352;-0.05220717536233789;-0.17739081567572068;-1.26740611226016;-0.14984271614090075;0.5384881285559321
0;2023;0;1778237186.3110645;-0.07314741382274058;-0.05248413267556488;-0.1638071590717667;-1.2652751347713473;-0.935819493482192;0.32459910067418757
0;2026;0;1778237186.3416808;-0.07323989979929593;-0.05247306672381312;-0.16409275492912814;-1.0727330787433762;-1.4314037826641468;0.3222320534287519
0;2030;0;1778237186.3729544;-0.09791944618227427;-0.05282477305673719;-0.1389025972416744;-1.0425472486545218;-1.6204101361322045;0.23721682721934156
0;2034;0;1778237186.4034317;-0.11194494918378975;-0.05773460370953075;-0.33258101533113116;-1.299405645437892;-1.6948469853885793;0.13800221994843945
0;2037;0;1778237186.4340804;-0.11720163135427276;-0.06339389791944441;-0.16789558874937174;-1.3179032878110837;-1.9508787922491588;0.13561184863384074
0;2041;0;1778237186.4652514;-0.19975448130600792;-0.05942420165471699;-0.33492902285274273;-1.4194717505021404;-2.1776445713961787;0.21212312551322732
0;2045;0;1778237186.4960568;-0.2546993475187933;-0.0648557852383157;-0.12983870376766668;-1.6126553965584085;-2.592752816759608;0.31722050100821453
0;2049;0;1778237186.5282662;-0.33218005649017374;-0.05872342013573462;-0.30060519973036787;-1.8074923901085538;-3.1156359485513754;0.43803586821878293
0;2053;0;1778237186.5599372;-0.32758211570003487;-0.05971635209475726;-0.23213248982546217;-1.7579674070253846;-3.6813966408467427;0.43457212868987194
0;2056;0;1778237186.5911193;-0.3524914857763907;-0.05182015810709606;-0.48236163524177594;-1.7503045387177258;-3.9606691956672884;0.419495685090514
0;2060;0;1778237186.6213176;-0.3621646294567325;-0.05233923914318578;-0.43154138279712106;-1.5213777730369324;-4.294323169405787;0.31527745725907286
0;2064;0;1778237186.6522646;-0.44465059472376095;-0.053641441460240205;-0.38421422230384583;-1.534788127871927;-4.5965021814843325;0.31469376876096194
0;2067;0;1778237186.6834834;-0.45584749842216876;-0.04982027692875714;-0.5254020288096368;-1.4990872556179615;-4.66527117715391;0.2696986635882565
0;2071;0;1778237186.714737;-0.45067196268378423;-0.0499450701289959;-0.5240937667052213;-1.4709436332452561;-4.7646319632607925;0.1999392646547858
0;2075;0;1778237186.7454536;-0.4478976628009503;-0.05135324596085333;-0.48977001343630305;-1.4706524281553288;-4.7665689716712825;0.19836567583766926
0;2079;0;1778237186.7769659;-0.44775627940476603;-0.052058207044989716;-0.4872159382176837;-1.4676183292966605;-4.767045428128148;0.19873328663843978
0;2082;0;1778237186.8078325;-0.4473535043739366;-0.05369056590360315;-0.48820641366348216;-1.4673521038028174;-4.772378991012979;0.19732160416306035
0;2086;0;1778237186.8391087;-0.44284786328446885;-0.059219239970772275;-0.435352959941684;-1.421649166568909;-4.771139734809902;0.19534687488599917
0;2090;0;1778237186.869717;-0.4418714982369062;-0.06046353959341608;-0.42337267301184917;-1.289444821938733;-4.7650131954856025;0.19527013387856434
0;2094;0;1778237186.9012952;-0.44184085585393873;-0.06873583041260198;-0.42377074457659997;-1.296377498093727;-4.764704387324609;0.19518959982843545
0;2097;0;1778237186.9329062;-0.4423374673614847;-0.0739929258827033;-0.43074463427099546;-1.321051638983388;-4.548837088595552;0.19522237507027815
0;2101;0;1778237186.9641392;-0.44842924760577374;-0.07247154088216205;-0.5069301670188324;-1.3222131063771803;-4.484427954508389;0.1979104478462693
0;2105;0;1778237186.995392;-0.4456052120618314;-0.07240746197796258;-0.5104087760202077;-1.34392674601006;-4.467889450120743;0.2038485295299732
0;2109;0;1778237187.0263884;-0.44181114485039275;-0.0736190294350619;-0.4613646175633898;-1.4296044135045665;-4.374234406115524;0.28965296009219493
0;2112;0;1778237187.0572298;-0.4418509147516909;-0.07351800387343564;-0.4613931177736879;-1.4367847900167092;-4.37168447553533;0.29122533345916646
0;2116;0;1778237187.0886838;-0.4567996010358012;-0.07336025730503978;-0.46042341208898896;-1.4369609883756693;-4.366335824303871;0.2939301501087076
0;2120;0;1778237187.1192462;-0.45655320460984233;-0.07332083084990325;-0.46145812805730885;-1.4368667700333901;-4.696635490938587;0.17943585711375978
0;2124;0;1778237187.1509016;-0.46984519974795236;-0.06855031127408115;-0.6686060854870999;-1.4246988567190932;-4.929928488837038;0.11727589256399783
0;2127;0;1778237187.1817677;-0.45384130714824916;-0.0732229719783101;-0.48127830126765364;-1.2285660256660151;-4.94951215687088;0.03224371030116295
0;2131;0;1778237187.2125638;-0.4581328241087131;-0.07286960662579148;-0.5053540867617634;-1.201171791175852;-5.016727388134328;0.004925301629006917
0;2135;0;1778237187.2436676;-0.4617482527471073;-0.07343539051874823;-0.49217055075728744;-1.1940881477304266;-5.061299705260884;-0.00017262713509893008
0;2138;0;1778237187.2745414;-0.4666337103646644;-0.07372464204033907;-0.49079085185124255;-1.1937624909156976;-5.063864724187706;-0.0003596761984782349
0;2142;0;1778237187.3055797;-0.46979178513812914;-0.07385371376479537;-0.49088003143085157;-1.1926968345229954;-5.06424863878525;-0.0003663906846328481
0;2146;0;1778237187.3369203;-0.4720474463900985;-0.07385649626081711;-0.4996908807582794;-1.1926060529707814;-5.064456522672129;-0.00038578537407211284
0;2150;0;1778237187.3688717;-0.4802321759014203;-0.0739565438740508;-0.49533235104843815;-1.1925296053478645;-5.064499105339281;-0.0002902084298130357
0;2154;0;1778237187.4006078;-0.48571720902157056;-0.07408243144510984;-0.48886876413908475;-1.1742789927386381;-5.067637146141389;5.846513297788784e-05
0;2157;0;1778237187.4314773;-0.4859778555526785;-0.07414387920244356;-0.4828402245575158;-1.0851287422676135;-5.068358704406816;5.6180945411529154e-05
0;2161;0;1778237187.4625342;-0.48734777497479764;-0.07406125420551338;-0.48486434488529934;-0.9248635096987445;-5.064580582411074;4.311929211481612e-05
0;2165;0;1778237187.4932141;-0.47988248949761664;-0.07520324761982636;-0.3864079933932564;-0.6964393116968977;-4.868809620204633;-0.0030857702245469538
0;2169;0;1778237187.5243804;-0.4936520028651317;-0.08617964141907174;-0.5623715050322504;0.010413972258764273;-4.833227945889032;-0.021087257138671205
0;2172;0;1778237187.5551946;-0.4725522540365537;-0.07542110308763753;-0.3026388666972219;0.5239686964196046;-4.63829254278921;-0.060973952397652284
0;2176;0;1778237187.5860887;-0.4534245614260972;-0.07200341212155;-0.28640853247566556;0.714562637337484;-4.564744900094134;-0.3597108358604265
0;2180;0;1778237187.6175778;-0.44131560442918155;-0.0692337865991877;-0.13275700655130795;1.2825121457837392;-4.331849228656896;-0.3868240918067104
0;2182;0;1778237187.634959;-0.41226811558308346;-0.06882472475726314;-0.1404708306271173;1.667840353758469;-4.330606284191311;-0.600395405211743
0;2185;0;1778237187.6644228;-0.41172106987986307;-0.06842117551728963;-0.13334554520775632;1.916520447548526;-4.04223512105727;-0.5989975118086989
0;2189;0;1778237187.6953068;-0.4023902779903807;-0.06994129733449045;-0.15554040996013874;1.9797005519786612;-4.000200663833604;-0.6100656103900098
0;2193;0;1778237187.7269914;-0.3867665279015643;-0.05970132195934274;0.08412236398388263;2.4410648063040767;-3.74159377914845;-0.6118502264995537
0;2197;0;1778237187.7574446;-0.38121175774722893;-0.05462787704779786;0.16934623548284974;2.736875865512269;-3.6537477485951517;-0.6117886157508212
0;2200;0;1778237187.7891638;-0.3503261916127927;-0.06345638765750596;-0.030865311542579214;2.8411658468143424;-3.668454862998707;-0.6118784333253339
0;2204;0;1778237187.8203223;-0.350590796506442;-0.06316519188137272;-0.034931306618368754;2.9747449912948065;-3.571557500951348;-0.5859563185212115
0;2208;0;1778237187.8517425;-0.34434296364007994;-0.05649283627468916;0.0765140651965297;3.243706840622711;-3.253569254572194;-0.5751953097058617
0;2212;0;1778237187.8834255;-0.3371818201129911;-0.056742154903583;0.08218738830897977;3.5426817584705756;-3.0661780247865544;-0.6126463044324957
0;2216;0;1778237187.9153492;-0.3511107390684966;-0.04250602335645509;0.30627667172621775;4.040580767673617;-3.072150998271837;-0.4071029973235285
0;2219;0;1778237187.946447;-0.34082770485846847;-0.03760935425911166;0.31033208400333046;4.632801055209669;-3.0729355922965116;-0.4506765497274352
0;2223;0;1778237187.9785993;-0.3385095247628306;-0.11285375429656502;0.2952396858744821;4.548971207232249;-2.5908508468429545;-0.5225045400276177
0;2227;0;1778237188.009151;-0.3287978219744385;-0.0716165287521;0.5071354896123029;5.273556530290068;-2.59067766615332;-0.7634156022266555
0;2231;0;1778237188.0401344;-0.2682090758811654;-0.0768181081875583;0.30764701026907654;5.284726936243934;-2.668283906443131;-1.0451464678337015
0;2234;0;1778237188.071794;-0.20306322998538645;-0.07635970069965818;0.31001366866360375;4.70720839836597;-2.708135079909672;-1.3794115196106482
0;2238;0;1778237188.103285;-0.21453044327640028;-0.11499596189275255;0.1560368584762859;3.738448361821324;-2.8970859417917967;-1.3877885696587164
0;2242;0;1778237188.134161;-0.21512168293317102;-0.12320070441939387;0.15261175722267603;3.5381475426604556;-2.9588321503473494;-1.3878075139161496
0;2244;0;1778237188.1516144;-0.21499711093554483;-0.12203817990995812;0.1527853663468444;3.7882633764563494;-3.1283966662398712;-1.3841161499135204
0;2248;0;1778237188.182521;-0.21179616942420543;-0.11104601669288239;0.15506715279158703;3.905259757399057;-2.8906220940962046;-1.0928549816311115
0;2251;0;1778237188.2142353;-0.2184698289620791;-0.10340048601315482;0.1696491317129656;3.906330694713079;-2.6823390366240445;-1.0522172861844927
0;2255;0;1778237188.2459264;-0.23469208346715392;-0.04737470741274301;0.35667361222379906;3.9105192197371133;-2.433430438206716;-0.8312332776413146
0;2259;0;1778237188.2764027;-0.24494410274244596;-0.06618205207117324;0.033513642358654755;3.4242848436641644;-2.4001415219854425;-0.5914393398618113
0;2263;0;1778237188.3075936;-0.24610914197631975;-0.022903181712996906;0.33968094394574166;3.4168486358525225;-2.331899109613195;-0.5477612168333552
0;2266;0;1778237188.3378284;-0.25335299199603817;-0.027045957379846688;0.16067870216390584;3.4084427502975645;-2.330344842262177;-0.5459048891652527
0;2270;0;1778237188.3694053;-0.25342999378971104;-0.01948019207116922;0.16050806181164354;3.3342955972964545;-2.3110149937482833;-0.5382567739076305
0;2274;0;1778237188.400082;-0.2512515206072987;-0.01719763869368418;0.14255651513466228;3.21530889578517;-2.3009111662527464;-0.5361653614166433
0;2277;0;1778237188.4307976;-0.251298438845657;-0.01641419434048263;0.12269665351871868;3.1784497414550335;-2.3002761145079886;-0.5361522010254175
0;2281;0;1778237188.4621446;-0.2501027805133012;-0.012466046411839916;0.12026175993932353;3.1647428167846434;-2.2990309906145567;-0.5354597297393234
0;2285;0;1778237188.4924703;-0.25009428167608;-0.005704969275036276;0.11871735822482837;3.164284131047141;-2.2878572316947734;-0.507421306672277
0;2289;0;1778237188.5230865;-0.25015456520913687;-0.0018826427021968468;0.11960109758892244;3.1638076745902763;-2.194254829254458;-0.3991895367256169
0;2292;0;1778237188.553682;-0.25000400772565073;0.012342273363123765;0.16150631427561155;3.1755578083512632;-2.1507375228538157;-0.35155826688052927
0;2296;0;1778237188.584215;-0.24954837691265097;0.014871253727454953;0.16434811588201897;3.1783833527298686;-2.1439767700262373;-0.33576483343180624
0;2300;0;1778237188.6150768;-0.24722584261821753;0.017569046611933745;0.20533346732530244;3.174785620300483;-2.143755138979096;-0.330266786612689
0;2303;0;1778237188.6458037;-0.2517385389068032;0.009786600246684408;0.05853182956760987;3.1624882825017737;-2.1434721486556665;-0.2737799775270812
0;2306;0;1778237188.6631327;-0.24845563600637144;0.014937486446566658;0.15235047036821586;3.0860570891177215;-2.126002525632754;-0.07521560178574048
0;2309;0;1778237188.6929383;-0.24929480886514652;0.014942753106139193;0.15237859802674528;3.062261090001831;-2.115448897759396;-0.06150386770486264
0;2313;0;1778237188.7249718;-0.2512214603364697;0.014887743509056615;0.15131446211094868;3.0126251237467954;-2.1002264324943347;-0.0034276054272654294
0;2317;0;1778237188.755619;-0.25598206654257416;0.009829120627836758;0.055868113527715355;2.9206093447786;-2.073955944531393;0.024199814090054676
0;2320;0;1778237188.7861838;-0.25748400899769147;0.00960926851539074;0.051816211386797435;2.8422887551000846;-2.0449154037757795;0.05044515742812045
0;2324;0;1778237188.8171034;-0.25954645558866996;0.01680025402125673;0.19700451371056077;2.75576614019439;-1.9713370814425584;0.12651421477606478
0;2328;0;1778237188.84799;-0.26110605042997836;0.026726610660698508;0.21008448032336538;2.649048611568108;-1.9592268391420413;0.21849665268941845
0;2332;0;1778237188.8802228;-0.2604223946501089;0.03616091664119903;0.23233310895285414;2.380770431990764;-1.931083216769336;0.22103199786787134
0;2335;0;1778237188.9109247;-0.2630497694292006;0.04372242525486415;0.2147592133468072;2.3315623041867903;-1.855538882870439;0.37884935575665796
0;2339;0;1778237188.941302;-0.2652767674794733;0.05434575057878153;0.21596348693881184;2.1500667620220373;-1.847723454613538;0.4122062114498332
0;2343;0;1778237188.9723234;-0.2719009474855796;0.05806808993252164;0.21935082075687976;2.1003870395617787;-1.769696417101092;0.49090631495812637
0;2346;0;1778237189.0027792;-0.2735436446557717;0.05989786048064424;0.21660425269632108;2.080738323989139;-1.7578671533444539;0.5031761165242387
0;2350;0;1778237189.0340116;-0.27501713346956214;0.06282767162126245;0.20631134586442504;2.0623067350445203;-1.7412830486203306;0.5147827014318863
0;2354;0;1778237189.0653396;-0.2786180325889809;0.07099034490365871;0.1949162562673639;1.8063434963369518;-1.7114421549002299;0.517249646105624
0;2358;0;1778237189.0962465;-0.27685693380983006;0.07176434448741408;0.19919076391114263;1.5540815967056172;-1.7663897221133378;0.5141997463950699
0;2361;0;1778237189.1272812;-0.28189234351424924;0.068225801220265;0.05761725572354262;1.3274272198512034;-1.7826658569179465;0.6078754111406808
0;2365;0;1778237189.158439;-0.28375687197815813;0.06871733670996374;0.07643864092675202;1.2822628527677795;-1.8273116039980946;0.6637264769323098
0;2369;0;1778237189.1893685;-0.2866636838681865;0.06828758660263902;0.047372731142033005;1.164738631165523;-1.8806857919544553;0.7003984519401065
0;2373;0;1778237189.2215729;-0.2907198878178075;0.06590247525332328;-0.07256714697977944;1.1483276233068862;-1.9591334590412415;0.7044109462534763
0;2376;0;1778237189.2519112;-0.2921677869819921;0.06494086674847009;-0.06944979677152002;1.1160021818419816;-1.979499709320208;0.7515065378811829
0;2380;0;1778237189.283543;-0.3213907942800726;0.06726995562558237;0.09879905255018541;1.1173820111411457;-1.9793174756225964;0.8237081324087135
0;2384;0;1778237189.3156302;-0.3325557516643229;0.05976290942358969;-0.03784486227752102;1.1199150930676043;-1.979309093207803;0.8287488975448064
0;2388;0;1778237189.3463728;-0.3331068255835412;0.058508475228615645;-0.02717734300005329;1.1196948870309782;-2.0111352780476044;0.8150220227272077
0;2391;0;1778237189.377754;-0.34553634009285306;0.05847590023334854;-0.03747271216629495;1.1249208197098601;-2.011289514479806;0.8040291563186688
0;2395;0;1778237189.4093182;-0.3551166252448708;0.06250317320968907;0.06397828029522433;1.2443512862603145;-2.0175518489237603;0.7536796789164073
0;2397;0;1778237189.4267209;-0.3570821152380707;0.06083823353468713;0.011543481623392245;1.24387482980345;-2.023227079035576;0.463228293815128
0;2401;0;1778237189.4562593;-0.3542716079802258;0.0032150580945166595;0.006535245641235582;1.2686819996158842;-1.690291813541476;-0.057480911090028654
0;2405;0;1778237189.4881344;-0.5125756768133078;-0.4299534274524278;-0.7367869709347628;-0.5345865335902807;-1.3597937351485962;-0.6815959830529479
0;2408;0;1778237189.5195448;-0.5114946247187682;-0.5219470768455678;-0.6818028936483321;0.3730298223741717;-1.6475477010813897;-1.4789312363020166
0;2412;0;1778237189.5495522;-0.5273480529729273;-0.548387448414992;-1.245220663753729;3.0650058279018264;-1.769894912683403;-2.1620326591398094
0;2416;0;1778237189.58075;-0.6476609456424914;-0.8748191708225562;-1.8404564039324298;5.087848489394971;-1.1757871568082912;-2.5217648282458853
0;2420;0;1778237189.61295;-0.7631581410131691;-0.9481128636045654;-2.2965937010615995;9.065836424618889;-0.6799555863899269;-2.58005714660991
0;2423;0;1778237189.6438222;-0.7628140894548656;-1.0507016990208504;-2.488444822579522;11.813676488681102;-0.2771080895846328;-2.5659565837408156
0;2427;0;1778237189.674951;-0.5943784519901775;-1.296854010433357;-3.2362212324465527;15.60182787607581;-0.5704900088098062;-2.5995925319345417
0;2431;0;1778237189.7051933;-0.5971334257500153;-1.179888961094389;-3.3642423143464257;20.147921232661144;0.07101934922306861;-2.6270804818220963
0;2434;0;1778237189.736036;-0.6040631214908604;-1.0160937818904314;-3.4305624899858085;22.948270084176432;0.3585709531847275;-2.6283686913275672
0;2438;0;1778237189.7669394;-0.5029618387176302;-0.9655302176143431;-3.6256074978159525;25.51321122218916;0.16989947718767165;-2.6285717134138666
0;2440;0;1778237189.7843266;-0.3087798237749663;-0.9987535460967543;-3.9232402234070762;26.319701455491213;-0.5716094803054829;-2.785539806947846
0;2444;0;1778237189.814813;-0.22629586097369414;-1.0371947415122573;-4.017304329254219;26.668675465802966;-0.9023043358856407;-2.837339442109389
0;2448;0;1778237189.8457289;-0.23351891794782748;-0.7975366593920717;-3.866600805474806;26.610873015759477;-0.9204889788904419;-2.803195687227471
0;2452;0;1778237189.8773987;-0.24864603324461237;-0.5857106625418926;-3.4690355385775273;24.839401873798295;-0.5404468055086636;-2.494854762034197
0;2455;0;1778237189.9078126;-0.3564841230804941;-0.43120711072274326;-3.13988716867332;23.145778553321275;-0.1399481032405924;-2.2360802290531723
0;2459;0;1778237189.938721;-0.445718886920226;-0.24712646443394307;-2.6766544368352485;20.548108444395485;-0.07591328064702496;-1.9488329800946484
0;2463;0;1778237189.9701295;-0.49344193023661154;0.14344871840924925;-2.041522779722597;18.36276730738418;0.12652268101500627;-1.779407947584291
0;2466;0;1778237190.0010116;-0.5001267663275433;0.24632473302791238;-1.7209447769791857;16.275322045670436;0.16900785020410175;-1.7672174017500515
0;2470;0;1778237190.031926;-0.48767687789338604;0.3539325625863128;-1.3717839505830645;13.368916199814596;-0.11300695922605679;-1.757748961295865
0;2474;0;1778237190.0629451;-0.4978349675540194;0.675318490408908;-0.6446666073713272;11.571244982174738;0.10881629668625037;-1.5489649707156428
0;2478;0;1778237190.093959;-0.5028370338751488;0.9654820652982512;-0.015533316057548995;10.294566326494117;0.112062638287491;-1.5903754409820774
0;2481;0;1778237190.1252556;-0.4959621963822302;0.984285405025169;0.002588349253690513;8.805654316545734;0.10975066350724885;-1.588479171107484
0;2485;0;1778237190.15671;-0.3659121509815815;0.8075081937545778;-0.2537332974983238;7.512882095054707;-0.10642523382243121;-1.4010205467069046
0;2489;0;1778237190.1882238;-0.35718147013785967;0.9960642811551037;-0.09018349020296143;9.562208828439733;0.2158860334261196;-1.4715397905853727
0;2493;0;1778237190.2195592;-0.43937870778422183;0.5224534212680685;-0.810196527316807;9.285655528978209;0.8659803149159236;-1.4869805339316575
0;2496;0;1778237190.2512224;-0.5053400229324987;0.10290158098378345;-1.4781502746570854;10.205776436035068;1.170794674381409;-1.7188460065907687
0;2500;0;1778237190.281928;-0.23886212526656822;0.03719839473161579;-2.4820918835454435;15.840678414982376;-0.09645150140449037;-2.280639637260947
0;2504;0;1778237190.3131382;-0.12377297886269423;-0.6415282778415984;-3.5000463752441555;19.264041863612434;-0.47568129305655305;-2.5606905831192206
0;2508;0;1778237190.345122;-0.07401056388049802;-0.9192969156826531;-4.139341484646813;24.584756183047975;-0.14353799811214607;-2.7348674389277376
0;2511;0;1778237190.3762436;0.1953015330073118;-0.9255847512951687;-4.5804405433604956;29.141723878696666;-0.8598798449016319;-3.316900074820317
0;2515;0;1778237190.4064677;0.35638064682676496;-1.8540310727249665;-5.505134150825169;32.27042734131798;-0.8657943929558031;-3.5171975410152676
0;2519;0;1778237190.437117;1.0537134075182257;-1.8249001322827016;-6.478839923863531;37.23329436143793;-3.283904878413409;-6.186093363738326
0;2523;0;1778237190.4681675;1.326219751627783;-2.528891277889523;-6.980873549849692;38.095602088960355;-4.662170018976893;-7.270083774076977
0;2526;0;1778237190.4990804;1.6641351028886653;-2.599805948215185;-7.150405467462462;38.02591672770555;-6.169873055816242;-8.421754472051822
0;2530;0;1778237190.5306008;1.4117658338376193;-2.444482782505112;-7.013897283722074;37.417087858794176;-5.964956543773462;-8.205614241897088
0;2534;0;1778237190.5625503;1.1763890235042613;-1.97864870794278;-6.160060042231277;35.20350804282641;-5.682169410078282;-7.774847310402742
0;2538;0;1778237190.5939436;0.8918826937901044;-1.3068655009730457;-5.522749516099959;33.21477275653498;-5.546918476791396;-7.843298780199941
0;2541;0;1778237190.6248453;0.5205906158560895;-1.0612478944864245;-4.892757024359282;30.44037586122047;-4.476793586411028;-6.92159661441643
0;2545;0;1778237190.6558363;0.37046335980924633;-0.6842204752127301;-4.16128962699044;26.29823442650156;-4.465810611251945;-6.869933444967726
0;2549;0;1778237190.6870093;0.1704062151179779;-0.24651226627443223;-3.305254330064892;21.996322824631477;-4.264609520742252;-6.519706095996041
0;2551;0;1778237190.7043602;0.023629040622903278;-0.08476616254563313;-2.80345187245115;19.64000188481391;-3.814415169425815;-6.244846044322812
0;2554;0;1778237190.7334037;-0.1470070418468625;0.13089859026485273;-2.166365249932762;16.58161414103987;-3.1169379052171076;-5.997888033827939
0;2558;0;1778237190.7650473;-0.32892756312785404;0.3582388651950931;-1.371538532105498;12.370266148599157;-2.4654505921248395;-5.998073788139764
0;2562;0;1778237190.7966118;-0.49861993413046296;0.45821334185970214;-0.5185393923871401;8.716695436604445;-1.7139887325145062;-6.2210218802932165
0;2566;0;1778237190.8279064;-0.5091602153367105;0.3580021551151179;-0.5429902909432605;6.030014141469054;-1.4895847825597133;-6.2696807922799165
0;2569;0;1778237190.858667;-0.5447161835802785;0.2977459114753217;-0.5481256376596072;6.317225848988853;-1.9392870861277696;-6.062458780872323
0;2573;0;1778237190.8902402;-0.4425080960715042;0.9502188987524701;-0.13609751526895972;9.491218492849868;-2.37022233651117;-6.062625087981826
0;2577;0;1778237190.9211555;-0.5122493680329839;0.4927856337272487;-0.23798956245553224;6.159121435305461;-1.66258508262781;-5.494468030945282
0;2581;0;1778237190.9519935;-0.3904837330262434;0.2979946363498343;-0.5467040732485656;4.948849610805599;-1.612915419065304;-5.504647970767144
0;2585;0;1778237190.983305;-0.34832046602858385;0.8204189752954663;-0.1292337495489143;8.304430171042391;-1.012159318544995;-5.561819057328385
0;2588;0;1778237191.0140069;-0.4368356228427762;0.7605341191999949;0.03843996133776962;7.965218656295779;-0.1917036678563586;-5.285556460011902
0;2592;0;1778237191.0447896;-0.48506631451285254;0.5463143375296372;-0.1673636779617508;6.530786977759911;0.09312019355129877;-4.658623586926043
0;2596;0;1778237191.0751667;-0.409268701294072;0.7640622775865942;0.095234063928587;7.48644328820271;-0.13761374741285148;-4.368715759512051
0;2599;0;1778237191.106397;-0.3695611791326065;0.6211612917728886;-0.2923695237646899;6.699604117549442;-0.13792022945374016;-4.351811781839406
0;2603;0;1778237191.1381698;-0.3682041360309896;0.6369395577077325;-0.02583882270668159;6.467307285825054;0.08737517459731774;-4.283607760926913
0;2607;0;1778237191.1685865;-0.3541795178399246;0.690437246575385;-0.17337340367900533;6.945731263089979;0.1011142825015057;-4.7023559860902875
0;2611;0;1778237191.1996326;-0.24862423896614919;0.6654308733322795;-0.10576971734333393;6.396714611992995;-0.24822157570085035;-5.292671453688656
0;2614;0;1778237191.2311003;-0.24757387582354803;0.6792816029853498;0.029640274010596386;6.407525244703923;-0.8162671466206396;-5.8302886912596135
0;2618;0;1778237191.262365;-0.2331026611998718;0.6392253490839876;-0.2430456953520799;6.212149261882554;-1.5310324707478313;-6.265706857074598
0;2622;0;1778237191.2929094;-0.1858776264601645;0.6298782580546288;-0.30789466405725446;6.235980802437168;-2.3710302336489715;-6.77335059112342
0;2626;0;1778237191.3241124;-0.18910490272464692;0.6116516284655064;-0.47012116747054394;6.433943933760414;-2.9189526443188063;-7.110996941379785
0;2629;0;1778237191.3545792;-0.18922265236801056;0.6107197367853205;-0.4564076765752323;6.241226182318371;-3.269966934391309;-7.184735367835561
0;2633;0;1778237191.3858006;-0.20045420338089837;0.5990365598909454;-0.5122157452358677;6.241263064943462;-4.01001177740455;-7.49953796129658
0;2637;0;1778237191.415848;-0.20667381545078886;0.5432295157476739;-0.6904765042180013;6.237278400247207;-4.771530690635872;-7.97142633739528
0;2640;0;1778237191.4469655;-0.2231013226958776;0.50447514400169;-0.8744002363587636;6.227660082216513;-5.177915859868556;-8.413738201136468
0;2644;0;1778237191.478202;-0.23593941007291763;0.48278247903338256;-0.8399395703148843;6.226904994291911;-6.138853426927875;-8.908825748417758
0;2648;0;1778237191.5090253;-0.2409802683469526;0.38931967174076215;-0.9139844206003365;5.977108362851355;-7.167798866393518;-9.238037377612274
0;2652;0;1778237191.5404563;-0.30463641942700703;0.34941744471123126;-1.1802605814835692;5.988369634181582;-7.761626565790377;-9.432612672172564
0;2655;0;1778237191.5720525;-0.30836689670844253;0.3431621840939827;-1.1748384630433415;5.988075243774034;-8.393861819178035;-9.760550174318462
0;2659;0;1778237191.6028976;-0.3359809460558749;0.31031764762229713;-1.346778369012467;5.987241025853781;-8.858213398487571;-9.998781755716672
0;2663;0;1778237191.6341558;-0.38757103016137395;0.29353158258441486;-1.3468027711533106;5.985589354842864;-8.940770125306148;-10.0009162538197
0;2667;0;1778237191.6648922;-0.3940279344233781;0.2746742927045065;-1.3739937413985248;5.937046455476905;-8.999158673792001;-10.023941070774583
0;2670;0;1778237191.6964948;-0.39734527507792;0.26963937197428356;-1.3765088383883541;5.896087294422953;-9.020823527770784;-10.047322643303081
0;2674;0;1778237191.7280157;-0.3981214866878014;0.2676046106366093;-1.3741646495223707;5.889935272557682;-9.129101526735031;-10.078988724020325
0;2678;0;1778237191.759333;-0.39837575326987196;0.26544245987855886;-1.3727761490807926;5.889368621317638;-9.167175795913638;-10.087769471164851
0;2682;0;1778237191.791109;-0.39640355734483723;0.25412508225197944;-1.3699862951616195;5.883895910347235;-9.195557981811367;-10.098553280148439
0;2685;0;1778237191.8214028;-0.3947108683841959;0.2506056788319423;-1.3592753386763814;5.878132161935199;-9.208454829916109;-10.112313852273507
0;2689;0;1778237191.8530333;-0.3940040911101876;0.2500718587165073;-1.3549418165040077;5.842761724472395;-9.289729382567867;-10.131128685222487
0;2693;0;1778237191.885245;-0.40379624179611207;0.24193162585704786;-1.3700130257510168;5.775151178527284;-9.299072757393334;-10.131834819844693
0;2697;0;1778237191.9167671;-0.4059825152811794;0.24054345139826724;-1.373395702671977;5.745509618630974;-9.42493706259442;-10.135578741588079
0;2700;0;1778237191.947332;-0.4143944548023771;0.23821660947400936;-1.3774300657741636;5.734766045238395;-9.428623313324024;-10.136995034391594
0;2704;0;1778237191.977934;-0.4604960131148952;0.22400871909727785;-1.4250294219033737;5.7139126090116275;-9.43715594099066;-10.136912551430026
0;2708;0;1778237192.008783;-0.46725214630054307;0.2242749073359437;-1.4093055019577745;5.6618558013642195;-9.471720325446919;-10.132967451731597
0;2712;0;1778237192.039712;-0.4519439475597323;0.24006022846990546;-1.2810064964385244;5.643437288986678;-9.534511988775522;-10.130013488758355
0;2715;0;1778237192.0706592;-0.4718510650390744;0.22564806330155257;-1.388819252754141;5.6236366840579795;-9.5350122512904;-10.127944038194126
0;2719;0;1778237192.1011887;-0.47750258223081854;0.2269668034244601;-1.390482510125063;5.621419032400202;-9.534937815447034;-10.11891248919898
0;2723;0;1778237192.1318786;-0.45264839638518684;0.2556673534360479;-1.1924391125232712;5.600725532647695;-9.545127478870056;-10.094470038254212
0;2726;0;1778237192.163386;-0.4629099622995492;0.258999991997588;-1.1940300948510842;5.581764845681308;-9.552917759882577;-10.046162517095656
0;2730;0;1778237192.19486;-0.47291931066656845;0.26020948131435306;-1.2031873241853694;5.570966954240867;-9.562642702229445;-10.025275551209715
0;2734;0;1778237192.2261665;-0.48225555112566665;0.2620816470895183;-1.2007504630669463;5.5706702167571756;-9.64203557040835;-10.001579470478164
0;2738;0;1778237192.2569022;-0.48958974494927093;0.25681078466734286;-1.2477093095679876;5.569344118736838;-9.831708828797382;-10.001590870562282
0;2741;0;1778237192.2879333;-0.5156363292992832;0.2350614219767513;-1.4173020462569814;5.500971108342108;-9.834355660092587;-10.00229096984584
0;2745;0;1778237192.3189006;-0.5150583152302978;0.23526190139723005;-1.413625891680305;5.493869191232432;-9.848073984847098;-10.002576642542003
0;2749;0;1778237192.3508656;-0.512540517240146;0.23744097997626637;-1.3958618782498438;5.486629802520143;-9.855490074863235;-10.003288812502861
0;2753;0;1778237192.3818593;-0.5193412635000839;0.2299417690036571;-1.4412423160452623;5.356936745537962;-9.878203736580984;-10.041491835572698
0;2757;0;1778237192.414106;-0.5397473675044968;0.2119449572867907;-1.5759547071230469;5.308513547055256;-9.9925526156353;-10.117492172836362
0;2760;0;1778237192.4452648;-0.5394035953600197;0.2113601208635428;-1.5752939865614317;5.297557060326921;-10.023584985794153;-10.12380714884522
0;2764;0;1778237192.4762783;-0.5381312379323031;0.2118331684717247;-1.5674033401024499;5.282087146177154;-10.026596619781175;-10.118494039052486
0;2768;0;1778237192.5077512;-0.5298739073950751;0.21789444603995947;-1.5141675551281244;5.259588409574712;-10.026571807833387;-10.071912624748215
0;2772;0;1778237192.5397124;-0.5273505676973653;0.22016696525945814;-1.4942514964063358;5.259426796617492;-10.020649128836865;-10.036536822539942
0;2775;0;1778237192.5710745;-0.5272753122401078;0.22018820071026843;-1.4940693185914895;5.255771057877736;-10.019264353912973;-10.02457947548526
0;2779;0;1778237192.6020834;-0.5042688900287979;0.23806591228361001;-1.3482191198395916;5.239033722611186;-9.995301377094398;-9.993463951771654
0;2783;0;1778237192.6337006;-0.5043510376937745;0.23809958164969736;-1.3481256093456728;5.1892405022546235;-9.860411558236816;-9.91797594770017
0;2787;0;1778237192.6646497;-0.527897753107499;0.21961922102167164;-1.501812807101874;5.1863307984314915;-9.780500992120261;-9.915347222420916
0;2790;0;1778237192.6956728;-0.5268867873144275;0.2199356338956421;-1.5008527411941874;5.184606703356757;-9.777647618124542;-9.915100444129395
0;2794;0;1778237192.7284348;-0.5031376365834392;0.23664877192482062;-1.3738753630740517;5.1660540723425195;-9.76052267999794;-9.829405341212118
0;2798;0;1778237192.7595854;-0.5036154807956418;0.23743827897594402;-1.3732111964085771;5.146504604561035;-9.512938335469695;-9.643176920006637
0;2802;0;1778237192.790264;-0.47888488899924364;0.2621535495808584;-1.1544408811606353;5.11024831350285;-9.463871032234252;-9.524773634564983
0;2806;0;1778237192.8209436;-0.49804364311340743;0.24681929550073103;-1.2991846942977285;5.128700355539564;-9.208517865675356;-9.52480381125824
0;2809;0;1778237192.8521035;-0.49195698545593664;0.25241565174623654;-1.2565640268661684;5.157912735798446;-9.149934845166293;-9.441143958652834
0;2813;0;1778237192.88235;-0.4925621492350588;0.25200032637770237;-1.2609143138681294;5.156900475387979;-8.960279022200032;-9.302838808711774
0;2817;0;1778237192.9141214;-0.4654360495665524;0.29721015874758705;-1.048833072487487;5.157086229699804;-8.946802110991577;-9.28970121765416
0;2820;0;1778237192.9453094;-0.4946712579350547;0.2728466934346603;-1.2657257268216768;4.948007010470553;-8.716131467737137;-9.227033614064503
0;2824;0;1778237192.976725;-0.47574171629652307;0.2880218911940803;-1.2385965070321083;4.963415900640622;-8.714744010440509;-9.181743091638436
0;2828;0;1778237193.0076737;-0.467749409773684;0.2915226437412018;-1.245479494094965;4.9641227058560125;-8.449537147643518;-9.036383972000321
0;2832;0;1778237193.0385115;-0.44792001590706637;0.34762914965297254;-1.0815392059771372;4.985165249360523;-8.22220739962919;-8.888337785475988
0;2835;0;1778237193.069607;-0.43678509550915967;0.34928721458361944;-1.1181835842126748;4.938010477884373;-7.872046439382668;-8.792642126413432
0;2839;0;1778237193.0999475;-0.412243666873269;0.3701552827810984;-1.0712745665106838;4.730025666730566;-7.2724174383554985;-8.614235504100096
0;2843;0;1778237193.1313963;-0.3932995491467909;0.4543594335204318;-0.904273393062025;4.758265016280214;-6.859653251464933;-8.323534029653452
0;2847;0;1778237193.1622307;-0.3882419493276544;0.4645597612378304;-0.9293582350213923;4.756851070552841;-6.3120441754600805;-7.866155278265771
0;2850;0;1778237193.1935456;-0.3749724935715447;0.47819836922765313;-0.8322661215369972;4.547234370887029;-5.887097992798366;-7.596367593432407
0;2854;0;1778237193.225183;-0.36150088191199764;0.5138927870222276;-0.646186758294135;4.595369884894021;-5.355144585255105;-7.309889514855338
0;2858;0;1778237193.2560902;-0.349330593580176;0.5176469446254549;-0.6948176637016314;4.5979530098367976;-5.054064004811104;-7.242759784222785
0;2862;0;1778237193.2868745;-0.34601690858986356;0.5258572870708681;-0.6917316776953911;4.599141971551112;-4.844241768334554;-7.135350203431148
0;2865;0;1778237193.3185267;-0.331984210682317;0.544880618617145;-0.5297156194623905;4.62035752809696;-4.735943651574803;-7.07873604450879
0;2869;0;1778237193.3493738;-0.31190206372518864;0.5535814720348933;-0.5324822354649971;4.639186778799385;-4.719537589340894;-7.068952760554958
0;2873;0;1778237193.381137;-0.3142361005554777;0.5490023916780399;-0.6093825087808962;4.656454553274068;-4.716798551482959;-7.054690584728644
0;2876;0;1778237193.4113762;-0.3157676841606844;0.5468860182185564;-0.6381229684006955;4.657662962190705;-4.724875175784827;-7.048222713473952
0;2880;0;1778237193.4428952;-0.32020330880214054;0.5415554543754626;-0.6990925555394216;4.657883922644662;-4.7876031327609985;-7.02057750948487
0;2884;0;1778237193.4743514;-0.3200673506910865;0.5439310772969217;-0.6882949807679836;4.682952372326211;-4.897490890662196;-6.97642028953889
0;2888;0;1778237193.5059159;-0.32556833368383004;0.544801917056028;-0.6879044533765469;4.686574916703385;-4.9108410597589724;-6.949693127617995
0;2892;0;1778237193.537785;-0.3320050502968731;0.5467925542936084;-0.685474484465843;4.686813312580114;-4.936191829170768;-6.924430541209829
0;2895;0;1778237193.5689611;-0.3323038600997771;0.5485257582590852;-0.6856199193625109;4.686810965503971;-4.944528308331235;-6.90209039989528
0;2899;0;1778237193.600706;-0.3272226498123055;0.5628764523856189;-0.5648620136053522;4.682360909138379;-4.9304914518145715;-6.809961625975669
0;2903;0;1778237193.6316128;-0.3330583705691375;0.5601248315916985;-0.6308757654150596;4.681755028197102;-4.761533822753102;-6.621655036494575
0;2907;0;1778237193.6625454;-0.3395868047707131;0.5685549330116155;-0.6244472915098969;4.681737592774332;-4.571611103699814;-6.553191496020074
0;2911;0;1778237193.69511;-0.3415086596380156;0.5838781269611125;-0.6263807886199682;4.68182577577796;-4.571672462976103;-6.541934918842131
0;2914;0;1778237193.7268636;-0.34232228941615594;0.5870911065514749;-0.6318895719153667;4.68117496509339;-4.571741534074002;-6.500879192369758
0;2918;0;1778237193.758339;-0.3451113982317918;0.5906930301882573;-0.6574402432923991;4.68134831343132;-4.571911529446015;-6.411012999851217
0;2922;0;1778237193.7891464;-0.346027409892841;0.5906186595414501;-0.6678231679453835;4.658620569256718;-4.5721861373546515;-6.398955734412196
0;2926;0;1778237193.8212535;-0.35202139529787213;0.5841638275986588;-0.7392637882303684;4.579501973689857;-4.570059686369827;-6.385325927957906
0;2930;0;1778237193.8536217;-0.3522600147056615;0.5927464423988471;-0.6455370280096937;4.601703302215425;-4.564036753692376;-6.307002655906656
0;2933;0;1778237193.8848238;-0.3600080436907255;0.592423114032672;-0.6389810482617271;4.611914089323728;-4.56132856312088;-6.2687272087730035
0;2937;0;1778237193.916051;-0.3668461382654657;0.5921350849465719;-0.6339088490701585;4.61489889958341;-4.560744141161475;-6.246519174315601
0;2941;0;1778237193.947938;-0.37357083739563784;0.5845893282873729;-0.7175273018602791;4.615101754021413;-4.56081254166619;-6.2398715840877355
0;2945;0;1778237193.9784336;-0.37576183763126936;0.5848879750988782;-0.7104802057433534;4.6104421372859825;-4.560971136954084;-6.222137076757348
0;2948;0;1778237194.0100696;-0.37705689743238513;0.5855803159918532;-0.7001747718582381;4.6115227982011655;-4.560986895893896;-6.2079211718606935
0;2952;0;1778237194.0412884;-0.37119316543945136;0.600472327838165;-0.5279074860224537;4.626165535659105;-4.559342266111404;-6.180039248477843
0;2956;0;1778237194.0722828;-0.38807991259279817;0.6007897885139846;-0.501107508858387;4.6447818730257735;-4.387448109499462;-6.094065178796236
0;2960;0;1778237194.1028802;-0.3966365419071265;0.5944639526210715;-0.5700728951927827;4.710529846403761;-4.381459377074368;-6.078233814920574
0;2963;0;1778237194.1343462;-0.40478513389689386;0.5834817784482915;-0.6915658921583635;4.7059973070766;-4.381592154524697;-6.062218708512636
0;2967;0;1778237194.1655314;-0.4030641775708099;0.5857691531695632;-0.6661487340214036;4.700350577175082;-4.379523039257061;-6.032166745588033
0;2971;0;1778237194.1961958;-0.4030600795013553;0.5865939827852471;-0.6566551370090423;4.7003408535739215;-4.367713222702744;-5.997812927391389
0;2975;0;1778237194.227379;-0.4036434024330432;0.5858945634086686;-0.6646845590018282;4.699419123243224;-4.3679063535395874;-5.988712307298343
0;2978;0;1778237194.2590318;-0.4033376771379345;0.5867878494118332;-0.654631761784796;4.699383246507908;-4.368757336289428;-5.980183032597624
0;2982;0;1778237194.2903943;-0.41616752180709427;0.5875248965170403;-0.6319159299529953;4.710239814851905;-4.3689880203445455;-5.960205391068485
0;2986;0;1778237194.3218436;-0.422353883631637;0.5870091451623826;-0.6339910433041062;4.7498514189036465;-4.3718407237470815;-5.948163549272683
0;2990;0;1778237194.3521686;-0.42424043921886445;0.5867529226835267;-0.6352824474409925;4.750716148813748;-4.37962664590391;-5.947293119320523
0;2993;0;1778237194.3827014;-0.42602663867342483;0.5864757907366582;-0.6405356602231305;4.7549563095129095;-4.445052399257233;-5.94593717990352
0;2997;0;1778237194.41382;-0.42707476650541437;0.5860682656707792;-0.6549718084115871;4.7556557382032825;-4.446363744227534;-5.904963265799533
0;3001;0;1778237194.4447832;-0.4144494061882458;0.6154863503886937;-0.4521622163271617;4.776980266141446;-4.357694225244919;-5.784007702701543
0;3005;0;1778237194.4767354;-0.41854188736633435;0.6197515093115291;-0.4779365119032973;4.780698370047268;-4.083268382657995;-5.600271876359069
0;3008;0;1778237194.5075464;-0.4357502864028976;0.6200743254190223;-0.47627660749829287;4.780764423475841;-3.899354178528715;-5.3929529642364615
0;3010;0;1778237194.5249567;-0.4382162531282427;0.6192885206010994;-0.49533905698027303;4.780806335549808;-3.7359094960286576;-5.308460905490352
0;3014;0;1778237194.5544677;-0.4368058187012881;0.6389551559138092;-0.4514057499610162;4.7896273182853415;-3.5283263701917575;-5.248693952715849
0;3018;0;1778237194.5848393;-0.4352492042741285;0.645199728952196;-0.3916011322027073;4.7821709926781955;-3.2841231564946325;-5.125399025297279
0;3021;0;1778237194.6160815;-0.43805437938478525;0.6463357790015756;-0.40861883130271753;4.782536130666601;-3.278268878002827;-5.07257975320025
0;3025;0;1778237194.6471348;-0.43052985817639666;0.6892409828464052;-0.2478381081654287;4.844705483520933;-3.2781344240695387;-5.0565351406922385
0;3029;0;1778237194.6780183;-0.4224049232239354;0.6781223615883748;-0.4115898385193732;4.797545347299316;-3.0205820471654117;-4.910168454795939
0;3033;0;1778237194.7098117;-0.42192041964886906;0.7068949072292449;-0.359843911352171;4.745425839189251;-2.744927510218052;-4.561032831526965
0;3036;0;1778237194.7406695;-0.4196780771226271;0.7440573652679942;-0.2403390601842182;4.745044606964441;-2.1803007909959544;-4.271093150936756
0;3040;0;1778237194.771941;-0.41596611100719394;0.7550765617727789;-0.23791442342070238;4.580121266494804;-1.690658795661137;-3.705428688763219
0;3044;0;1778237194.8032222;-0.4218612304866325;0.8577349712318504;-0.28353322449456947;4.568965948887566;-0.5403851528478573;-3.0356217757879738
0;3048;0;1778237194.8342245;-0.42265779273687376;0.875544156564255;-0.06673472097765096;4.0624504878699526;0.6178974262678324;-2.2453065853681218
0;3051;0;1778237194.8652446;-0.4602949282977925;0.9049723933178637;0.13001830864686098;3.8282860541295665;1.6549461880264604;-1.5392703727103267
0;3055;0;1778237194.895809;-0.44549270142771374;0.9363227177836305;-0.04996572928878914;3.5688643987264808;2.9695177174295573;-0.7046340023111323
0;3059;0;1778237194.9271111;-0.45276207124358137;1.0099965065075556;0.058562803754496254;3.311731477858623;4.624623841930278;0.23950847464370936
0;3062;0;1778237194.9582446;-0.4428527995954028;1.0119710308811438;-0.04592406941094707;3.3054403079077774;5.643832938964932;0.8127389882340403
0;3066;0;1778237194.9895668;-0.4630235440200017;1.104936388424739;0.15849500161449034;3.3077488249419176;6.876217573690144;1.4434932365759763
0;3070;0;1778237195.020731;-0.4565185107263913;1.1497004393190065;0.12852643673173866;3.298739740818417;7.9402390602110415;2.229346635249525
0;3074;0;1778237195.0514095;-0.41836450615550896;1.1545011414092066;-0.022406021564760497;3.282445332349558;8.496606083192182;2.530346576863212
0;3077;0;1778237195.0822465;-0.3960735230468273;1.1626414906910938;-0.09293741616095;3.237043491455034;8.862118262594992;2.5800732408463136
0;3081;0;1778237195.1128612;-0.28994686618244475;1.1738971178620274;-0.030515229302521395;3.235082341689938;8.923132853987365;2.612136815673068
0;3085;0;1778237195.1432574;-0.3063267566546091;1.1823577685269697;0.09182885344674763;3.23357719528961;8.923539233456555;2.68095962644562
0;3088;0;1778237195.1738062;-0.2905883304745201;1.175570154716875;-0.04000354073666569;3.437673571868992;9.177618943560017;2.896373436534346
0;3092;0;1778237195.2044349;-0.38702973572608135;1.2002014148979696;0.04367513446473729;3.466757868829827;9.307058851615432;3.1142015497319058
0;3096;0;1778237195.2365751;-0.3799016794529414;1.2123980146984488;0.1680742273224162;3.651661533201337;9.230670911491714;3.1140453015201546
0;3100;0;1778237195.2677948;-0.3735449683322055;1.2387570768443756;0.16279938325321383;3.857350903888081;9.26377943814663;3.4267707325953354
0;3103;0;1778237195.2985792;-0.3266732523760458;1.2196640781173702;-0.1101303426568735;3.413346798248375;9.707769796626076;3.4644389576013435
0;3107;0;1778237195.3306632;-0.3564187402451045;1.2405212957445886;0.08126642287363246;3.419988688434181;10.45121152941025;3.758607398806594
0;3111;0;1778237195.361494;-0.32005386897396026;1.2300235320089326;-0.0963962799185894;3.3094263137904;10.822608163998122;3.9702824842491076
0;3115;0;1778237195.3922174;-0.3248206455687322;1.2539669684872468;-0.13558643245365218;3.452777677437168;11.634858792746291;4.522131720953122
0;3118;0;1778237195.4235878;-0.3197843976228336;1.266065214620815;-0.15284809475088268;3.6713213135615046;11.900911273547656;4.540239078093527
0;3122;0;1778237195.4550333;-0.3466096151692231;1.3179351316735048;-0.00730081114774512;3.9960037563947766;12.121918669028107;4.867225679105246
0;3126;0;1778237195.4848552;-0.3059702013275718;1.3212308177564969;-0.18929427544552424;4.105140449930473;12.266632678023715;5.072461058206773
0;3130;0;1778237195.5158353;-0.31368232563593695;1.3251097336332345;-0.14094564785620003;3.8712103885077136;12.471598143368889;5.075334214701406
0;3133;0;1778237195.5463245;-0.3221547349660757;1.3288620750465898;-0.09951246590257191;3.9187460569120813;12.678741695374015;5.117158105665458
0;3137;0;1778237195.5766633;-0.2906911547626541;1.3314399470094285;-0.032056051027365154;4.005135894367446;12.681929695368293;5.126530315997814
0;3141;0;1778237195.608643;-0.25986582559230365;1.3209545706200787;-0.1375197432878391;4.000655326012006;13.1118496676719;5.30189680411383
0;3145;0;1778237195.6408205;-0.22536031362927894;1.331261215298442;-0.1218783319167425;4.120886648471834;13.879939052914986;5.834654252884087
0;3148;0;1778237195.6719418;-0.16270580290583822;1.3061576526127026;-0.38292926796945337;4.165822427103839;14.313262956217955;6.075875338694264
0;3152;0;1778237195.702888;-0.060916195813388405;1.2962975112290083;-0.5828258544906973;4.603968565989231;15.600970857987319;6.680175021244392
0;3156;0;1778237195.7346106;-0.044709748563432926;1.299577550137719;-0.6518740404556648;4.603782476380814;17.188450007009934;7.281831225465231
0;3160;0;1778237195.7668874;0.13358931048684947;1.2361153122532216;-1.218890474369869;4.601075626995685;19.23552555907801;8.063600041058185
0;3163;0;1778237195.7981415;0.33953767450622885;1.1601959677440508;-1.8014712829347685;4.345847861362102;20.66162109375;8.655180582697195
0;3167;0;1778237195.828975;0.4365928587965613;1.1324124539108755;-1.9395520076904222;4.3419725033547545;21.968829845295048;9.136057589827297
0;3171;0;1778237195.8594277;0.6119933050062851;1.1061682308476202;-2.1168069234663025;4.237772046242675;22.667822650098426;9.6799254264615
0;3175;0;1778237195.8912935;0.7757569104478538;1.059856041078929;-2.4330037174109593;3.9087203535224204;23.376408960984712;10.137369225387978
0;3178;0;1778237195.9215255;0.8823235742354403;1.0475636954739191;-2.407373087110591;3.8860831394275888;23.598241186080845;10.404054075561367
0;3182;0;1778237195.9527812;1.0497240300420978;0.9955764246141199;-2.815332175800086;3.8325936094436686;23.884037271390312;10.519677752257484
0;3186;0;1778237195.983375;1.0029517388391835;1.0162449447705415;-2.693527492711099;3.8248251227096115;23.965181728964478;10.579899702506982
0;3190;0;1778237196.0156372;1.0046137854168575;1.0175391896146635;-2.678587049134869;3.82370623798297;23.96790701966215;10.579589888456212
0;3193;0;1778237196.0466657;0.9876942537078737;1.0243986127781561;-2.6268835695848023;3.8236163784963835;23.95994037264237;10.577224035704885
0;3197;0;1778237196.0792222;0.9853408441856174;1.0252825849871057;-2.6200962351885337;3.8556147381360444;23.907618010094303;10.576696949462667
0;3201;0;1778237196.1092365;0.9235909473675552;1.0482214356213855;-2.4745132491926656;3.9232319900129897;23.80887450501282;10.577704851017442
0;3205;0;1778237196.1407745;0.8722995100735613;1.0679747823582373;-2.3528108315641596;3.936674030375904;23.70317828980498;10.579808501834028
0;3208;0;1778237196.171661;0.859958546462749;1.0761059109838513;-2.3259129664228926;3.948818808225371;23.691024458947535;10.588302905689206
0;3212;0;1778237196.202876;0.8580322675431946;1.0773636457546503;-2.3294201687725082;3.9488566967402376;23.687762693703075;10.601183659557545
0;3216;0;1778237196.2343512;0.8612032419216471;1.076976285053247;-2.3399097363692545;3.9484191346880153;23.68771172862113;10.603983386098585
0;3220;0;1778237196.2663615;0.8665351096959311;1.075539632295577;-2.3538262214094834;3.946562597459543;23.68624983548114;10.605378890513414
0;3223;0;1778237196.2976959;0.8666489242612387;1.0758854534747813;-2.353959781218527;3.9463305722180575;23.678428036588997;10.608651385248809
0;3227;0;1778237196.3289778;0.9205802633875435;1.0575267542836897;-2.482640093472941;3.9455644195059287;23.665834296603187;10.651557278314412
0;3231;0;1778237196.3601153;0.9195566774033106;1.058730189634215;-2.4802656347757583;3.942635268480475;23.667663674807727;10.760847872985718
0;3235;0;1778237196.3918345;0.9500334611096487;1.0485042024137539;-2.5520122132007073;3.888713205893209;23.668581046282732;10.800728720200627
0;3239;0;1778237196.4223876;0.9437172184247772;1.0622999806809554;-2.5327524044193104;3.8881147014769506;23.89840405975325;10.976804360608176
0;3242;0;1778237196.4539382;0.9907781441104155;1.061106324814356;-2.653407020198624;3.8792176064150907;24.092358385025634;11.158981057799052
0;3246;0;1778237196.4856515;0.9969157482222426;1.0598964629458223;-2.668754104030283;3.8070295913995262;24.10300472240661;11.160647481860007
0;3250;0;1778237196.515494;0.9994819779423125;1.065572475416352;-2.6684718960655673;3.802684482867149;24.128868160307178;11.166018933259705
0;3253;0;1778237196.5457902;1.0612730417308052;1.0429280338172096;-2.8102796287143113;3.743767842249302;24.138900234332084;11.166026309784725
0;3257;0;1778237196.5769777;0.993362628867147;1.069709849082557;-2.64686370721079;3.7346524691062193;24.148698941929133;11.165298716180645
0;3259;0;1778237196.5945926;0.9938807552393297;1.0702079507971773;-2.6479899312072726;3.7358645662853642;24.155455838845906;11.165228974489564
0;3263;0;1778237196.6242738;0.8982052698550421;1.1118241255226453;-2.423648569949605;3.928381139772363;24.153755214532595;11.153639783092611
0;3267;0;1778237196.656254;0.8991162520672151;1.1127381812869093;-2.4249787660393967;3.9290269210080573;23.79954789501694;11.045198829984779
0;3270;0;1778237196.68693;0.9602630807098537;1.0896382020127093;-2.570420927466734;3.927900324459806;23.767445258137247;11.00070698404024
0;3274;0;1778237196.7186475;0.9754560212472533;1.083856384839897;-2.606838049123424;3.9269956942552877;23.742464320866144;10.998339119509362
0;3278;0;1778237196.7493849;0.913203831507174;1.1077090118246142;-2.457602006760533;3.92622987683975;23.738073276700693;11.002421690810406
0;3282;0;1778237196.780472;0.991737651190449;1.0801249994635256;-2.642234378934147;3.876953683827653;23.98883757410502;11.101289255630837
0;3285;0;1778237196.8121092;1.0112674668661397;1.0731148791096334;-2.6858618675203525;3.767531652892385;24.18028656324391;11.210292165826429
0;3289;0;1778237196.8437283;1.1208150104922499;1.0403796865820325;-2.9188641260185864;3.573620580880333;24.48611729050311;11.518406262875388
0;3293;0;1778237196.8752894;1.1725237057670777;1.0271595007973204;-3.0334809815600585;3.5668717310817617;24.937933471433805;11.950131472028932
0;3297;0;1778237196.9057994;1.180272875691933;1.030753414571078;-3.0260776328144074;3.488921308840528;25.422549706155007;12.19697279930988
0;3300;0;1778237196.936226;1.3291870333267526;0.9787498445714021;-3.3375351957106836;3.287488863682533;25.66887199431194;12.198976531742126
0;3304;0;1778237196.9679375;1.3397436602418475;0.9791490337914587;-3.2970794266064667;3.238049045933666;25.88187116599524;12.19952239459348
0;3308;0;1778237196.9995573;1.3899156726091357;0.9660352115366824;-3.318014600691265;3.1557937507510645;25.882353993087346;12.19858490532297
0;3312;0;1778237197.0308785;1.3398414550811053;0.9846596332767293;-3.190685719977454;3.1479722871555116;25.882316439869072;12.197109600319308
0;3315;0;1778237197.061991;1.345549041314024;0.9830280428061385;-3.196135034696789;3.1480594642693647;25.872144882462003;12.196302206126395
0;3319;0;1778237197.0921056;1.414742429330804;0.9587116820074545;-3.34573356993053;3.1479468046145396;25.839130238852775;12.182445068582906
0;3323;0;1778237197.123527;1.4092474770198147;0.9606251078909922;-3.3335958333094897;3.1480054815180942;25.75646219356574;12.125543895778018
0;3327;0;1778237197.1551313;1.3088172065508072;0.9958545345093809;-3.114007487515641;3.1756731503788225;25.682109503753892;12.101214775081257
0;3330;0;1778237197.1868732;1.3083026194204264;0.9960723841560708;-3.1129755191166146;3.2345163610430783;25.583510846800035;12.100393969024674
0;3334;0;1778237197.2188065;1.2687940631878796;1.0117610048215948;-3.026310291393899;3.345522333077733;25.48631775315876;12.097126839034747
0;3338;0;1778237197.2487926;1.2751303305303134;1.0083828916597999;-3.061034537814064;3.346312627144467;25.3949990558048;12.072773576983382
0;3342;0;1778237197.2796369;1.3401095060786143;0.9834796686876259;-3.231081880798694;3.345907253565052;25.32766613543765;12.01583887451932
0;3345;0;1778237197.3113317;1.32738341707701;0.9854194526087924;-3.24313542072003;3.341551080245148;25.309900780820822;12.012857417225552
0;3349;0;1778237197.3424642;1.3227793291826895;0.9863944205872227;-3.2409064434884867;3.340871434053687;25.235320089326585;12.012106352860052
0;3351;0;1778237197.3598006;1.3221268047599837;0.9865254656718283;-3.240651618078763;3.3407517331704355;25.229410822193735;12.011549760517761
0;3355;0;1778237197.3905392;1.3156431000551256;0.9887212857959661;-3.226274472776659;3.340049957403921;25.22123226772798;12.006269509791018
0;3359;0;1778237197.4212344;1.2978906357294908;0.9951063574200867;-3.1867348084714338;3.3399054445728806;25.22549724037493;12.00545138610717
0;3362;0;1778237197.4518878;1.294417149314934;0.9963618568802741;-3.179123948390672;3.339861856015954;25.23750890547748;12.00525691408396
0;3366;0;1778237197.482924;1.2907050434925877;0.997702391281645;-3.1710842812242492;3.3398702384307475;25.241701454060614;12.004697639368935
0;3370;0;1778237197.5137584;1.3002898691192852;0.9941105265426147;-3.1938229784208483;3.3375063974589705;25.24247129503525;11.991352835017624
0;3374;0;1778237197.5445735;1.2312912325395418;1.0185057751783002;-3.0417968958628987;3.332178199319607;25.242452518426113;11.941958282308644
0;3377;0;1778237197.575969;1.2309667399490898;1.0185513196320117;-3.0415450508673243;3.332897410508892;25.046215493957153;11.748628949883262
0;3381;0;1778237197.6067827;1.2236065140706545;1.021107211040503;-3.0264391943058353;3.343622207292334;25.0446382587896;11.748649067678766
0;3385;0;1778237197.6380198;1.2239354772823297;1.018643153642972;-3.082990690020715;3.3985075769876736;24.806368453579932;11.724706208655695
0;3389;0;1778237197.6695335;1.0771021144130921;1.0624762908054464;-2.9713182973823855;3.619844569017808;24.517050412870812;11.329183643105658
0;3391;0;1778237197.6902938;0.9316143153941013;1.114249623812126;-2.7201966110664446;3.8395962787621887;24.219722807178172;11.105996819778888
0;3394;0;1778237197.7112737;0.7247282152886663;1.1963237098144799;-2.462473307410883;4.074731731432259;23.392055241141733;10.584136510240226
0;3396;0;1778237197.7325354;0.6049650227536738;1.2428504894018857;-2.1684969911527;4.400414363998695;22.485904131283192;10.098785305389924
0;3399;0;1778237197.7537367;0.298360132919318;1.3613310793355249;-1.583527194371643;4.989944902275797;21.268397947519915;9.326848727053196
0;3401;0;1778237197.775135;0.17886121929517734;1.3866706535666735;-1.5515603898667827;4.990263769334542;20.464926724729903;8.825983348903018
0;3404;0;1778237197.7940311;0.016817288077707833;1.4292241685419431;-1.0734524110119865;4.9958310339438174;18.61675447562832;7.725320650836614
0;3406;0;1778237197.8114016;-0.09931767953880713;1.4566053264650285;-0.6956567899914355;5.18154008072869;17.15168540631867;6.966759053544451
0;3408;0;1778237197.8323963;-0.1576665512613053;1.4531982474032248;-0.4982932993673415;5.330212601286394;15.663598896579153;6.19337600571095
0;3411;0;1778237197.854144;-0.2536221140798818;1.4618321346405667;-0.13485305265491715;5.622642529663466;13.453420329238007;5.222880138710859
0;3413;0;1778237197.8719747;-0.3350603007822037;1.496883481513564;0.1805963093039827;5.8454736033064;12.199471429511535;4.571137329615683
0;3415;0;1778237197.8899016;-0.3833940495852694;1.467511593214956;0.26973784206362206;5.846140172930782;10.844799433625939;3.89025188195271
0;3417;0;1778237197.9095705;-0.3858444389897898;1.43598458607293;0.2729292835048621;5.91601061790423;9.33629537322892;3.1315394011942637
0;3420;0;1778237197.9322443;-0.38435097208740815;1.3267920842822971;0.19903797111704494;6.151781792912241;7.274299122828351;2.168163054374914
0;3422;0;1778237197.949888;-0.3847965207181701;1.3248590062929657;0.1992252715187094;6.151929323412608;5.9500687045069585;1.6476570077702974
0;3424;0;1778237197.9672723;-0.4451223384007527;1.3327232015763768;0.3293914366487341;6.1749333519788046;4.980683004522122;1.2406449177352048
0;3427;0;1778237197.9899936;-0.4538545793050056;1.3069008933910629;0.34443367999573443;6.414058834090597;3.473932210003319;0.6226085529421694
0;3430;0;1778237198.0119562;-0.5515050547525923;1.2417564911333872;0.22207100749532432;6.4130274617744;2.5449603111659664;0.16783575809955859
0;3433;0;1778237198.0428848;-0.5926350959890063;1.2338110795644208;0.21550597008248357;6.41204168979468;1.8546828706717235;-0.12750720611052557
0;3437;0;1778237198.0739841;-0.6201203821314158;1.2432026439611563;0.3119128444419925;6.569047001250343;1.329131616251173;-0.20558693757796764
0;3441;0;1778237198.1064544;-0.6271915544063873;1.244811136222094;0.32571083473532014;6.6686046064565785;1.2490989183510774;-0.2567323252648754
0;3445;0;1778237198.136956;-0.7430212987995131;1.238349784623352;0.2687765886471733;6.671781206366737;1.4829011479482352;-0.010138374832256703
0;3449;0;1778237198.1681728;-0.7473353085730063;1.2546318802562584;0.4305270174691611;6.5539244543696205;1.879815194353999;0.1586217239343559
0;3452;0;1778237198.200767;-0.7423104700250212;1.2357750793505464;0.26659818531821766;6.553907689540034;2.2311533809341237;0.4704832738189334
0;3456;0;1778237198.232397;-0.7405046184646671;1.237747927241176;0.2806119995079932;6.543564460277993;2.5438241586648505;0.4714742428958252
0;3460;0;1778237198.2633412;-0.7403143376488538;1.2410991235376896;0.30980652988026125;6.54281473709886;2.8146264509848242;0.4937301828537728
0;3464;0;1778237198.2942894;-0.7184773088702132;1.2456798338085306;0.33749832612490366;6.557589246117355;2.969068084700032;0.4938380226200916
0;3467;0;1778237198.3253572;-0.7177492030074525;1.2447002089329926;0.33092849210804215;6.5564170492326275;3.064631972202035;0.4990619854314972
0;3471;0;1778237198.3559961;-0.7155210174484175;1.2447925086336638;0.3321792415331799;6.558404016835286;3.068458041610396;0.5289201050139984
0;3473;0;1778237198.373893;-0.7166067730090357;1.2495053816444162;0.37287491069189005;6.570853579286646;3.0656304854522407;0.5545225145178954
0;3477;0;1778237198.4024236;-0.718657996477985;1.2542939758021368;0.4131605167757975;6.580639545613212;3.050114970965998;0.6034391857594977
0;3480;0;1778237198.4337678;-0.7256921929899228;1.2705994490585228;0.548909579718687;6.600524645283031;3.03431177200404;0.6282184840427435
